-3.154748841148863558e+00 3.454437638591255411e+00
-2.454359456988829624e+00 1.182346174013015005e+00
-2.095881704449863658e+00 -2.769358981792613417e-01
-1.340814391736942612e+00 -3.162013067168990554e-01
-2.462961538347568924e-01 -1.320618795882223973e+00
-1.940167057023200137e+00 -8.386878609717203226e-01
-7.958987497272163036e-01 -2.713047204979018190e+00
-1.585485794482630384e+00 -1.810304012962683062e+00
-1.571594585530734500e+00 -9.583651418947575218e-01
6.520913690201948255e-03 -1.657050820824297999e+00
-1.385428143249079591e+00 -1.117152265151780677e+00
-1.158673994633703019e+00 -2.501167384762915002e+00
-1.347161746117717940e-01 -2.607740076297439646e+00
-4.532783084410445529e-01 -1.973617331725711521e+00
-2.211690894669424423e-01 -3.554900352951260611e+00
3.269281224073587455e-01 -2.652641524512667548e+00
-1.026246465030961064e+00 -2.544912989699809724e+00
-6.725222124807892499e-01 -3.003318268639549871e+00
-6.460527514050076192e-01 -3.232342100782270133e+00
-5.435026795225057494e-01 -1.560216501368952402e+00
4.792582627594967892e-01 -2.030855222631410051e+00
-1.113002330541633222e+00 -2.450276209859505450e+00
-9.453867066846716183e-01 -1.365094353536654648e+00
-1.427683879499286324e+00 -4.749853530600487983e-01
-1.787379491893527517e+00 8.968207073449873112e-01
-2.127493077886880357e+00 6.215192432481789764e-01
-2.914537335643188953e+00 3.572493580460842200e+00
-6.358176141431690631e-01 1.378965194944310690e+00
-3.046723578162696011e+00 3.164712667942490398e+00
-3.394989641118872914e+00 5.122399589899337080e+00
-2.236320633891716980e+00 4.587405483752197810e+00
-2.579890378773166848e+00 4.131208182971994880e+00
-1.943561510320247487e+00 3.682513176497682394e+00
-1.241303321562916562e+00 4.294945360361851705e+00
-2.291498137829299786e+00 3.027351287830634785e+00
-1.776105690813729598e+00 2.844074972166488635e+00
-2.561879604145750111e+00 2.691019836856035408e+00
-1.405252063584914834e+00 2.428992544602415649e+00
-2.596375614775440432e+00 4.030066782640156831e+00
-2.597974684927827571e+00 3.028921334129445420e+00
-3.343222298941363135e+00 3.262644722696685484e+00
-1.942542915914243551e+00 2.478455370980273686e-01
-2.334575135790902145e+00 1.081798408814051288e-01
-2.310573768440561615e+00 -3.156617950075242263e-01
-1.005017792372503882e+00 -6.577956275716693169e-01
-2.357422515316428768e+00 -8.716911620432837848e-01
-1.876365241369253312e+00 -1.540792327996148181e+00
-1.876917021098650773e+00 -2.809204895234335364e+00
-1.118663061022741045e+00 -1.692725134841988721e+00
-2.086618523685871640e+00 -2.593734313778796707e+00
-1.728527378114008251e+00 -2.297626269259458898e+00
-1.427267667171042476e+00 -3.331190412272546197e+00
-1.505313052774674309e+00 -2.629059932471335070e+00
-9.700515227795015738e-01 -3.351815925797699158e+00
-1.276249659763620148e+00 -2.903441013280014804e+00
-1.360547286443375192e+00 -3.306458421269510950e+00
-7.343784701355029476e-01 -2.846773835890067605e+00
-1.258741277238296208e+00 -1.954166745609817735e+00
-1.950811155217609283e+00 -1.508874423366725503e+00
-2.211992642810883591e+00 -2.466173988204772627e+00
-1.467591025520656123e+00 -1.583617700017582175e+00
-1.690769255218762090e+00 -2.574316227205532215e+00
-1.937534528437516057e+00 -1.286170274469081276e+00
-1.311465742472219587e+00 -7.002096450303346709e-01
-3.503643853593564117e+00 7.182551581484073466e-01
-1.893532554414381508e+00 2.193112223655563076e-01
-2.983195274988832413e+00 -2.918371586508571869e-01
-2.798069001449551063e+00 1.037666771818015699e+00
-3.664027567035786248e+00 4.451910445683973094e+00
-1.121791698766039902e+00 9.472011822387401692e-01
-1.898630478367746122e+00 2.475073646549158290e+00
-2.932639558663535428e+00 3.830036535415918930e+00
-3.028886433596411187e+00 4.135532681005075872e+00
-2.838103113547592038e+00 2.172241008751830016e+00
-3.039006167085927412e+00 2.040898336496785426e+00
-1.610207917320333415e+00 1.258952850495749010e+00
-2.006365433248796570e+00 7.514539086243299248e-01
-1.718286630541005833e+00 2.005734538481853402e-01
-2.363526555884169156e+00 1.126627946678027792e+00
-3.159385632560759660e+00 7.701247889505642430e-01
-1.344663731642047333e+00 9.403404048635882750e-01
-3.243386821590810154e+00 5.495132276883276656e-01
-2.111958750859335432e-01 -2.238735649519605353e+00
-1.535072104097903178e+00 -1.473925009504069461e+00
-1.761852344279128957e+00 -1.851980237594197831e+00
-1.207896063663679964e+00 -1.544776609068240658e+00
-1.594894009754498576e+00 -2.218842637068845658e+00
-1.899867522194400804e+00 -2.830441174940632632e+00
-1.438705983268944388e+00 -2.128337398068752773e+00
-2.603918690426770599e+00 -1.577555563323315369e+00
-1.992627161883055775e+00 -1.161075803878457213e+00
-1.569726321040477046e+00 -1.878339821706475510e+00
-7.687716957066429435e-01 -1.285479563330816921e+00
-8.119428150000991273e-01 -2.448713428681927429e+00
-1.807911452507965144e+00 -2.094531453748628813e+00
-1.246815492362354671e+00 -1.781785135383273877e+00
-1.773552402798467487e+00 -2.362375111820765650e+00
-2.400849780069199413e-01 -2.056763058539681666e+00
-8.612623088276065708e-01 -2.261249997069788797e+00
-9.917424120560414114e-01 -2.777183430157004196e+00
-8.826717612550571967e-01 -2.346452132750858066e+00
-2.749102528229240505e+00 -2.232598858341117154e+00
-1.234335377403958045e+00 -2.419963372978165772e+00
-7.503071698517704835e-01 -2.039499981915063209e+00
-1.951396432593240471e+00 -9.933758359599859089e-01
-2.607265150741203019e+00 8.142272768732145005e-02
-1.178346316948493788e+00 -1.545246395727281952e+00
-1.701782929701872726e+00 -2.790123380190602242e-01
-1.758598380529531546e+00 -2.672955764699470604e-01
-4.213572121708669904e+00 2.206954087086257843e+00
-3.344909226145821979e+00 1.667836294152684973e+00
-4.180565833457493774e+00 3.533430626098352789e+00
-3.904799860716321014e+00 4.013947730734837016e+00
-2.368334727075794621e+00 1.856162356993052320e+00
-2.587350665592267784e+00 4.048344794626483889e+00
-2.071491540422185640e+00 2.694103728381500140e+00
-3.175587110366769661e+00 4.015783616865310712e+00
-3.052133753509932657e+00 5.736534473105342258e+00
-2.684269478051323432e+00 1.748588927879788368e+00
-2.637652692951647726e+00 2.602415896584731492e+00
-2.621185397775068093e+00 1.816883138465937186e+00
-2.972190665988275970e+00 8.679480102117612672e-01
-1.629419681374179030e+00 1.413942529441438056e+00
-1.943874503160665901e+00 1.337822382887947081e-01
-2.359740618833735759e+00 5.056179526427545534e-01
-1.320101751576957305e+00 -5.491717327436047569e-01
-1.264916099937605676e+00 -2.765390136512062558e+00
-1.438724084798838732e+00 -1.408050981522445122e+00
-8.603042963766950324e-01 -1.743999820632882836e+00
-1.554753419380406010e+00 -2.326668154753205542e+00
-1.730921044289049915e+00 -2.062658690436311115e+00
-9.478518185654773998e-01 -1.620684367444079843e+00
-1.605597520534670863e+00 -1.950206654947773899e+00
-1.157154494805326284e+00 -2.039316107904668662e+00
-1.702074653113974989e+00 -2.816592042018282616e+00
-6.250565527397118348e-01 -3.239234948062811537e+00
-9.511332771583421719e-01 -2.258504245384452602e+00
-1.578213932683392606e+00 -2.436290485211207280e+00
-1.930379546706677552e+00 -2.367004088117422356e+00
-1.414259120626523369e+00 -2.146159472207775476e+00
-1.634604932008768774e+00 -2.769513668597936018e+00
-1.754241642191768369e+00 -3.122578567087091805e+00
-1.369142194065024132e+00 -2.178307976184731487e+00
-1.826681970445991565e+00 -2.448180130587769288e+00
-1.096659200246880017e+00 -2.323605870839774656e+00
-3.042465882743186967e+00 -1.263234589780930950e+00
-2.215587628912689233e+00 -6.735342271379674006e-01
-2.886499436633803706e-01 -4.693382886678396648e-01
-1.947778778319348758e+00 1.885474367482862235e-01
-3.785371237462166416e+00 5.641705804086205589e-01
-2.923928343263630492e+00 4.621400012926784595e-01
-3.952599642868455554e+00 2.189245619758286576e+00
-2.607678449451257485e+00 3.018081391545819780e+00
-3.139175085401200604e+00 3.128596583653628471e+00
-3.673720323341961080e+00 2.892386460518735714e+00
-2.202817323838263786e+00 3.334731442153220815e+00
-3.992711129907340784e+00 3.152057832535146265e+00
-1.847451488095570360e+00 3.646046927736192433e+00
-2.934729157979776737e+00 2.299829377001431308e+00
-3.129261106897020195e+00 2.949777784552091386e+00
-2.356175655817434933e+00 2.360978754588703321e+00
-2.212557664992941930e+00 1.420790372540031710e+00
-3.386345711329581398e+00 1.985974861068387831e+00
-2.669978775961565631e+00 2.518114720931635908e+00
-3.390903403869858668e+00 1.337622942370814139e+00
-1.596461759566852878e+00 -7.314814392843229651e-01
-2.857639026601478172e+00 -2.221600954560657426e-01
-1.908454696203661038e+00 -3.500712546528233493e-01
-1.290758190633796376e+00 -2.159185506095541385e+00
-1.815622221199501674e+00 -1.142106980146061046e+00
-2.200260930629171607e+00 -1.626379605499601144e+00
-2.429657586044805306e+00 -1.679003026374524143e+00
-1.992744722113698463e+00 -1.826521486974861608e+00
-1.856353466829781196e+00 -8.513394525097840448e-01
-1.925377094155919622e+00 -1.014971964711420371e+00
-1.856306451659826218e+00 -1.780872721233100808e+00
-1.607228991868402845e+00 -1.470703690236149885e+00
-2.948752940514490106e+00 -1.975987650590669054e+00
-2.148687443951530884e+00 -2.050785672604633181e+00
-1.830987743563500025e+00 -2.258141222893590871e+00
-1.118683793364466439e+00 -3.452212245001780477e+00
-1.180177822162094214e+00 -2.416125550215881823e+00
-3.940033349619888603e-01 -8.286200395692671083e-01
-1.419388305798056082e+00 4.038141119785609412e+00
-3.304453637612383865e+00 3.987103829819159007e+00
-2.102594452372302580e+00 2.669582983184214164e+00
-2.350150108348214140e+00 2.977438655145593138e+00
-3.245745232250528911e+00 2.507277231605149481e+00
-2.812025732948644219e+00 3.206333869216700272e+00
-2.580921456895251431e+00 2.962907325245708101e+00
-2.840264625009783828e+00 3.280552802734004292e+00
-2.438472802897387215e+00 5.760768813087850049e+00
-2.137668345490367550e+00 5.674737215137926505e+00
-1.622603634709193443e+00 2.115991203624062678e+00
-2.873041285386275678e+00 3.116074890936223252e+00
-1.328109156079712250e+00 -5.800124971850886268e-01
-1.193477476908971990e+00 -5.604627513314859311e-01
3.719727191136498745e-01 -1.651264131275144598e+00
-7.524482827406354657e-01 -8.573125789331007551e-01
-1.851188469688737737e+00 -1.406086678940047463e+00
-6.682086508023706850e-01 -2.426410812985292154e+00
-6.457523847456754229e-01 -2.764311323225820960e+00
5.123281754064044208e-02 -2.979895991997785654e+00
-1.084416145773656526e+00 -3.510950624721925095e+00
-6.363069326038430784e-01 -3.248086526882561387e+00
-1.503090910055268958e+00 -2.740980403422500267e+00
-1.023887017402094646e+00 -3.920590244725518314e+00
-6.457832444370532610e-01 -2.966194686640163169e+00
-1.597774745696508347e+00 -3.178456320426641390e+00
-6.257785340361377013e-01 -3.579161016302372822e+00
-6.525727951589127551e-01 -3.788184436616626183e+00
4.377749919549136504e-01 -4.176723069779242792e+00
-1.676843163115998347e+00 -3.879968543218754284e+00
-4.584424281482505359e-01 -2.383771358328946377e+00
-1.689236831786148363e+00 -2.657757579947059412e+00
-1.624872458905893158e+00 -2.370797985399108576e+00
-2.962371816729084673e-01 -1.821822090241913772e+00
-2.213733416060132075e+00 -6.952811266710265947e-01
-2.210389490454490513e+00 -9.678839094153744993e-01
-1.133610668655762543e+00 -1.026370369369657531e+00
-1.894462459182773006e+00 1.314040219488849248e-01
-3.067526303054033843e+00 2.344771915230053905e-01
-3.812090172365855345e+00 2.104566701079723767e+00
-2.090465107581440218e+00 1.355032210075381327e+00
-2.123045966003580531e+00 1.448783821618307321e+00
-2.207087489028953353e+00 2.286464807796196208e+00
-3.413051823126797668e+00 4.773472155433658770e+00
-3.753824906066900002e+00 3.516731604236903674e+00
-2.008138063598964962e+00 2.670463509630505161e+00
-1.106661233833776903e+00 1.892772891343714958e+00
-3.157207900707961645e+00 1.966484444372236906e+00
-2.039370197295705012e+00 2.175815822924374476e+00
-3.339204272569738841e+00 2.437437775097340165e+00
-1.561945517796587746e+00 1.162703685015396227e+00
-1.712280221084948595e+00 1.905114255121729716e+00
-2.141805776166967767e+00 2.240912555705370401e+00
-4.571581560598791505e+00 2.423727478594535523e+00
-2.114649543721829783e+00 -1.252778122192666488e-01
-1.329797236573737385e+00 -1.879319973949522105e+00
-1.082900916201542385e+00 -1.982557924682980310e+00
-2.412997253090318317e+00 -4.881352574597248584e-01
-2.022078132687888274e+00 -2.275746786205191940e-01
-1.651732393932317411e+00 -1.361095826965541988e+00
-1.681572263080985508e+00 -1.915534913217810553e+00
-9.950533896316016147e-01 -1.711945081490984233e+00
-2.919300676717343279e+00 -1.585357706606006056e+00
-1.796481894739165197e+00 -1.263832480491498655e+00
-1.998754098404595947e+00 -1.544443928400402566e+00
-1.193603404171841964e+00 -1.729149810224515971e+00
-1.628915879142668333e+00 -2.912672375238832601e+00
-9.761769991860184126e-01 -2.385399547965513012e+00
-1.651395574127680232e+00 -3.192268744465867059e+00
-2.445654985030531581e+00 -2.089972165913322133e+00
-2.065506811878689675e+00 -2.036266196561967945e+00
-2.330294821948121875e+00 -3.441882781198252417e+00
-2.290486459173771028e+00 -8.687051667190428539e-01
-2.273613629351239229e+00 -1.469571308388995190e+00
-2.478580283959429753e+00 -3.406227654495147528e-01
-3.881864224925207107e+00 2.552373060394832027e+00
-4.324361979799840050e+00 4.376608260151290786e+00
-2.247221703613190513e+00 4.334723126635839363e-01
-3.911438727715259134e+00 3.930229126379286342e+00
-2.970223558915641604e+00 2.994982819744759883e+00
-3.251257835599896673e+00 2.913269854855711216e+00
-3.796130854891994311e+00 4.018843736903201957e+00
-3.212813137634893845e+00 3.185525187991794294e+00
-3.791230238205191228e+00 3.199800283695761749e+00
-2.830842020383925739e+00 3.893064107133453522e+00
-2.449386670295322865e+00 3.331123691448632851e+00
-3.018013190430367754e+00 3.984343022049602112e+00
-2.838532171560018913e+00 3.965063003810807452e+00
-1.545421340995188242e+00 8.367496189393204276e-01
-1.986312323020588577e+00 -2.452242227644080841e-01
-2.656125478521573324e+00 -6.531000586799040608e-01
-1.865459074175580545e+00 -7.401536880212165881e-02
-2.775274660731203102e+00 -4.644622817979855434e-01
-1.911056528072120564e+00 -7.781624465971854754e-01
-9.085777922264326456e-01 -1.284954495357248927e+00
-1.828736217075552561e+00 -1.984828483948224420e+00
-1.636344150840852052e+00 -2.518519543086003232e+00
-1.887582654207878408e+00 -2.456002074082234365e+00
-1.583421982111012483e+00 -2.436032130395595185e+00
-1.929245973985528106e+00 -2.851166352843111262e+00
-2.006234052653748545e+00 -2.746361211730456109e+00
-1.318127770704064616e+00 -1.625045719851181403e+00
-1.984751188865156557e+00 -2.966747928230912823e+00
-1.495008723226298297e+00 -2.678009671105155753e+00
-8.611838999711292075e-01 -2.714761626018991958e+00
-1.476287206590561230e+00 -2.884958752455788034e+00
-1.448053593497164560e+00 -3.586271490442447085e+00
-8.990254320256241272e-01 -4.319937686313150671e+00
-1.775000186641386035e+00 -2.551991735392020288e+00
-9.981681623403446668e-01 -2.365507074338723648e+00
-1.382966994979814901e+00 -3.400880342939938572e+00
-6.413996309839259391e-01 -2.198144983643837591e+00
-2.024856181523262855e+00 -1.242769552921836107e+00
-1.434081084453539878e+00 -1.581111770636175029e+00
-1.497390956819066643e+00 -7.001966187890641402e-01
-1.675978598307138911e+00 -4.588525801874862031e-01
-2.562225734794647991e+00 3.607343957764510556e-01
-1.669786021297015921e+00 1.616577783612158203e+00
-2.658241388181330933e+00 1.875341029011794891e+00
-2.903010639520622327e+00 1.084189895753399524e+00
-3.330754002822235105e+00 1.320443878934372872e+00
-4.639514835897380896e-01 -1.008535752936851271e+00
-2.489812773414709746e+00 1.467752171199248945e+00
-2.427227152533054433e+00 2.642259052119946716e+00
-3.198088321366094888e+00 3.179700195769377569e+00
-2.135237346697859806e+00 8.993269826694512137e-01
-2.835038718136885905e+00 1.484448449741657461e+00
-2.506955281733321161e+00 2.583576306721998006e-01
-3.032402132027443020e+00 2.180289235869604880e+00
-1.583207379949753912e+00 -1.002599524551665011e+00
-8.233819138370037649e-01 -2.709879880630302829e+00
-2.104049543861121752e+00 -2.472282675897716775e+00
-2.471912910453031742e+00 -1.907505816527061748e+00
-1.612366503189619771e-01 -3.386751326165422071e+00
-1.536322563266055319e+00 -2.618039533660362572e+00
-1.339862432360152678e+00 -2.910317678858675094e+00
-1.964806292508266328e+00 -3.189056694715149298e+00
-1.356549174584303241e+00 -2.807316784811368482e+00
-2.195310555784182771e+00 -2.639634183416080138e+00
-1.044171887721155878e+00 -2.360890893709267857e+00
-8.335777913986738286e-01 -2.463167807582525626e+00
-1.771025577150168839e+00 -3.305734956942401048e+00
-1.166309347095394244e+00 -3.738363259494354551e+00
-1.209868366671775108e+00 -3.736364025315375592e+00
4.565532952419017881e-02 -3.719205357013269708e+00
-8.740106030725874886e-01 -3.434478419682536199e+00
-1.121250235426080710e+00 -3.466848131755352114e+00
-6.840163443149817057e-01 -3.205473084519784965e+00
1.742928241924593738e-02 -4.188455478100089557e+00
-1.228857167470078338e+00 -2.983733167005720333e+00
-8.480670994688167541e-01 -3.711546859121413355e+00
-2.273005243590092928e+00 -2.385859260984580565e+00
-2.684092352598195674e+00 -6.275731649235595233e-01
-2.871742954951702842e+00 1.179518690935729280e-01
-1.053189689276696983e+00 -8.576252347289894384e-01
-3.193326630983829073e+00 -4.060578583245692541e-01
-3.561463135448891038e+00 -4.255398869761391478e-01
-4.286878380142629119e+00 2.178195368805146970e+00
-3.085893597393235321e+00 1.879217273934606247e+00
-3.884767002662946833e+00 2.910422518185299179e+00
-3.118796314012567628e+00 4.035636517966242565e+00
-3.535365928364061272e+00 6.081762826905555031e+00
-3.230679701830188044e+00 3.218444199693313301e+00
-3.753420870780463936e+00 3.434063579110545827e+00
-2.838497755841630443e+00 3.400339855560494673e+00
-2.789860127154208502e+00 2.483273141615211621e+00
-3.216452326712375243e+00 1.390080370894699824e+00
-3.005986615397284734e+00 2.768928165741753489e+00
-2.550215070226679703e+00 2.734043438425537431e-01
-2.722825666833804004e+00 6.826401388970657624e-01
-9.148629177291129899e-01 -1.200376180338782461e+00
-2.586711414879416804e+00 -2.522419470254969376e+00
-1.282475642453401843e+00 -2.564885659676141572e+00
-1.463508266538357860e+00 -1.349435655857384564e+00
-1.815864545506387762e+00 -1.865653502290411048e+00
-9.309684656263681468e-01 -1.840026370303213143e+00
-1.385259038905299223e+00 -2.088438715709282523e+00
-1.931596001411190588e+00 -2.859739966205662398e+00
-1.832992144348725594e+00 -3.076629326555242461e+00
-4.891545825941975845e-01 -3.549975858702447251e+00
-1.923564188865975577e+00 -3.572445021247615315e+00
-8.968245566311533468e-01 -4.341404585454433196e+00
-1.712407554958235600e+00 -3.197216456125677730e+00
-7.208153115916601239e-01 -3.583646470961070030e+00
-1.362547749711781941e+00 -2.767565247432540509e+00
-2.740221390715003036e+00 -1.941742261050473095e+00
-1.824750062230387604e+00 -2.095676266695019052e+00
-2.559990658513648043e+00 -1.456827403140062316e+00
-2.167118459883242476e+00 -1.963357403816143210e+00
-3.718130952623663332e-01 -2.724231915996916165e+00
-2.454186932918521524e+00 6.334813641383029159e-01
-4.388505168282391899e+00 3.210773917761704510e+00
-4.017728907218353740e+00 2.634413790924517329e+00
-3.657495044973682496e+00 1.137896510829398133e+00
-2.348905887287186189e+00 1.623495347356607166e+00
-1.956924717153214033e+00 3.243717731074998945e+00
-2.388926994521756164e+00 6.590787146760838766e+00
-1.962521700007572534e+00 8.014729306258967512e+00
-2.224860196653480227e+00 3.748034697235457458e+00
-2.954279844582097692e+00 2.984867080582374488e+00
-1.934353129112418301e+00 4.432563964530557676e+00
-2.849491333510275837e+00 6.640162231866579390e+00
-3.326426005040636458e+00 5.000877105369568199e+00
-2.732652461170041569e+00 5.370341340541976649e+00
-2.421053969230036795e+00 2.390347175041168448e+00
-2.642978887779023456e+00 2.992325561148729385e+00
-4.492820148440395123e+00 2.633969342101333044e+00
-1.000255812788706455e+00 8.277874367603846872e-01
-2.433276125389568723e+00 9.568212098254130771e-01
-1.471972751801848611e+00 5.162170536382598707e-01
-2.044393035954306548e+00 1.271044923830786100e-01
-1.652224028926215338e+00 -7.820502354162479630e-01
-1.759991161533163373e+00 -1.256631841272279670e+00
-1.688191903743643918e+00 -1.222218676028863138e+00
-1.021299302292211442e+00 -1.081213136130646069e+00
-1.853781128612423945e+00 -1.017801750829794072e+00
-3.011620591670615354e+00 -2.051071100094021382e+00
-1.269500144974515132e+00 -1.626997105438186875e+00
-5.310803849486221972e-01 -1.588839634153128566e+00
-8.276969016406541257e-01 -1.474351631222240000e+00
-1.348004707759734799e+00 -2.146475677698980178e+00
-2.203053963249869407e-01 -2.074823216522986957e+00
-9.988875281962419361e-01 -2.515949198487782645e+00
-8.174443917251477121e-01 -2.679714714839009471e+00
-1.070481088569880113e+00 -2.491506682937171480e+00
-6.764477661180045009e-01 -2.589874034360979849e+00
-7.864106085454587447e-01 -2.623022253193100894e+00
7.012803354020178404e-01 -2.854305101825559632e+00
2.758654622083787089e-01 -1.030730555175089158e+00
-1.391822282349790996e+00 -2.557917647298848518e+00
-1.453484890568847110e+00 -1.565743793183962174e+00
-9.073930989602411179e-01 -2.461001244424687595e+00
-2.359043237203541032e+00 5.356724292836720913e-01
-3.433664725268062323e+00 8.524898936747716816e-01
-2.488779006640553515e+00 -5.402598561349964967e-01
-2.825027945585011580e+00 -1.101664023149774074e+00
-3.737358395138884237e+00 4.029065691399498217e-01
-4.207294758116930211e+00 8.001164451523077314e-01
-2.775107122343478672e+00 2.528799442171170586e+00
-2.215874117297766510e+00 2.068039453241255821e+00
-3.041104332031976831e+00 3.021724906920093989e+00
-2.252857770272536087e+00 2.315081098136052784e+00
-3.636013298670853544e+00 2.586953109078023338e+00
-2.746187432286694818e+00 3.972097249010329900e+00
-1.441921556659223835e+00 4.226809644814458977e+00
-1.340202513116650618e+00 4.810124862195338302e+00
-7.069860212448781933e-01 1.828873809341149403e+00
-3.097300461107969749e+00 2.081346428582895758e+00
-2.205798725754942069e+00 9.608815219554048825e-01
-2.164998377059172086e+00 1.993812783666000232e+00
-2.116488146364977840e+00 -1.117807040005993846e+00
-8.321437136011226032e-01 -1.625015986996051653e+00
-1.257181368354435502e+00 -1.487450383177702395e+00
-2.041006292321793314e+00 -1.801147784945320129e+00
-1.582175255335296349e+00 -1.679001931630386357e+00
-2.501765194600515496e+00 -1.534119103161982300e+00
-1.742099444138099473e+00 -2.641308684129672013e+00
-1.075758927230590745e+00 -2.717223459358259152e+00
-2.221098040389287487e+00 -2.501375818317808086e+00
-1.230374696908255405e+00 -1.996905351325449551e+00
-1.547858916661032591e+00 -2.815308123059753420e+00
-1.269656306655694067e+00 -2.633230111079305491e+00
-7.107461300921300573e-01 -2.726919016855031686e+00
-1.137201787997126567e+00 -3.722552296857927878e+00
-1.405934489446030833e+00 -3.945058979371276475e+00
-5.884325730469248672e-01 -2.755802501524271975e+00
1.415815172852227521e-01 -1.956584462409934888e+00
-1.826783858481091372e+00 -3.135219962322256748e+00
-4.268567976045846701e-01 -2.825002890422907864e+00
-5.982328939200383111e-01 -3.675832650849526484e+00
-1.131248098553497394e+00 -3.241330991361573766e+00
-9.185051716560099777e-01 -2.137266000315670045e+00
-2.172605337031545236e+00 -2.558399108337168215e+00
-2.217857785420000560e+00 -6.826886609800164596e-01
1.558094015645273167e+00 -2.645804463923220329e+00
-9.564787315070806262e-01 -6.461905128383368391e-01
-2.014710382001459799e+00 9.383614662193352496e-01
-3.045806126613340936e+00 1.684240559160014028e+00
-2.057429003588241656e+00 -6.360537681079364569e-01
-2.433190798539657251e+00 -7.307176462535346362e-01
-1.017017053615425048e+00 -2.959846361873216258e-01
-2.787485425272613337e+00 1.738300799474973513e+00
-1.953076710726004972e+00 1.884499117817192815e+00
-2.978143047448033709e+00 2.207652304703195512e+00
-3.219042917075991550e+00 1.372058315911369952e+00
-3.838193079366337024e+00 2.943134014776602303e+00
-2.937248557325205844e+00 3.056495457281851902e+00
-2.407345666868323519e+00 2.411662474087113317e+00
-3.385852000880723800e+00 3.896461488981786569e+00
-3.213342822154958700e+00 4.183010582813176725e+00
-2.610822819009492868e+00 2.457402190814316878e+00
-2.020758758079550521e+00 3.174197330100148928e+00
-7.529356538495458606e-01 2.114914963056455655e+00
-2.118440694237119448e+00 1.478398002639867093e+00
-2.158837600710401095e+00 5.186380029223971316e-02
-9.813638606567557376e-01 -5.026550810747593828e-02
-1.557294995592182207e+00 3.661195252743387196e-01
-1.364667050182504893e+00 1.033657052158040435e-01
-2.309932544114689179e+00 1.218017074749063733e+00
-1.941672032697369765e+00 -9.854843706693524608e-01
-1.904115693957827649e+00 -1.092808527928863516e+00
-1.164229967032152313e+00 -1.991713795864852754e+00
-2.546257871223199576e+00 -2.384696313803935208e+00
-1.717891372609259504e+00 -1.772847466515480530e+00
-2.224563182538457973e+00 -2.065114539113356962e+00
-1.921708367848406818e+00 -3.465994615810258583e+00
-1.210818611260749966e+00 -3.162677296282883965e+00
-1.435152446426771311e+00 -3.377625176979803800e+00
-1.574447277979488469e+00 -2.850542979028791279e+00
-2.299516381085499273e+00 -3.356198215902051807e+00
-7.693349747089761603e-01 -2.929414047968690316e+00
-1.196244610120421381e+00 -3.538176062775426178e+00
-1.740402737881964423e+00 -3.222606238466621420e+00
-1.366754136987420543e+00 -3.626162513477988458e+00
-1.997398072465340180e+00 -2.780918717105822946e+00
-1.991866497235689204e+00 -2.907707323402157762e+00
-1.946238188929877877e+00 -2.357399586514386414e+00
-9.393888103710800186e-01 -1.427414062096519887e+00
-1.921714077729167691e+00 -1.279320448869267768e+00
-1.413576051897018848e+00 -1.200388445497485579e+00
-2.973869714680807963e+00 -7.464574710707946315e-01
-3.483920071232446070e+00 -5.052903912056689872e-01
-3.228558552059565212e+00 1.079155614622229475e-01
-3.325743369279714923e+00 3.731955479929938702e-01
-3.370250927191844603e+00 2.269908629570789760e+00
-3.492226403205236362e+00 1.401605345956346005e+00
-2.101061895675170543e+00 2.003904614322543853e+00
-2.846809216305005830e+00 1.468857998974491208e+00
-2.891992149381136912e+00 1.916426192095670666e+00
-2.486888714224737562e+00 2.100569576475338263e+00
-3.276815361539764826e+00 1.693289008110416383e+00
-3.587712907012209573e+00 1.755655279131169477e+00
-3.273751608338831609e+00 2.353720940107201454e+00
-3.129034523448200655e+00 9.548503176199927278e-01
-3.257574327131656400e+00 1.385801268177963674e+00
-3.159650465430719812e+00 7.514414000671042482e-01
-2.551350953904836238e+00 5.366157777988475042e-01
-1.821156725865998416e+00 6.893733464280734635e-01
7.517854598565100188e-01 -1.371783947130670089e+00
-1.295980552223988003e+00 -4.118062654683717905e-01
-1.780634833055033894e+00 -9.590066700944489542e-01
-2.962461549212093814e+00 -1.411358462285901283e-01
-1.137790872749957938e+00 -1.738153578896818763e+00
-2.583644602353128317e+00 -9.602782197117094576e-01
-2.326928225543292594e+00 -1.478296930868674863e+00
-2.947088433954806685e+00 -2.492641290608620608e+00
-2.187318697781131416e+00 -2.512590089255216874e+00
-2.000193931549347326e+00 -1.900302441132161402e+00
-1.919842107392599306e+00 -2.090690204342637859e+00
-1.865473634724071461e+00 -2.900363208631524081e+00
-1.741578899389717661e+00 -2.862067157628417569e+00
-1.795906268546436646e+00 -2.667884449253088874e+00
-1.519517279747269800e+00 -2.927521846839572284e+00
-9.423544806693969766e-01 -3.706952199635026979e+00
-9.909345536867653070e-01 -3.827467201774408689e+00
-1.579205497153145579e-02 -3.248432488815229391e+00
-2.602783765419978579e+00 -2.971300077813712637e+00
-1.329246013320426953e-02 -3.052532312039302198e+00
-1.982903182616800208e+00 -3.280758729214059422e+00
-1.425031788817464173e+00 -3.645128254497079556e+00
-1.266419255121451037e+00 -2.774728795131617964e+00
1.030831215522248323e+00 -4.398735775607156562e+00
-2.196283650316225522e+00 -4.689833226936233612e-01
-3.439514974614667153e+00 1.772530568850081145e-01
-2.274704876001240272e+00 -1.337098132891581193e+00
-2.888438125300783366e+00 5.493378146456685540e-01
-2.967681356262495296e+00 2.836374190634253223e-01
-4.068036680887270329e+00 3.961050409639105485e+00
-5.422003260268868807e+00 2.517594226391552059e+00
-3.541619142678967158e+00 3.773410761102275135e+00
-3.431164027130881422e+00 2.815268436168053334e+00
-4.206246198583629692e+00 2.380967169951940576e+00
-3.149579328330470052e+00 3.517609599280089760e+00
-2.364409758082044455e+00 2.731772914248527862e+00
-3.734832787257469366e+00 3.311127331951110531e+00
-4.240391050625854419e+00 1.529714412813985680e+00
-5.926777006269035031e-01 3.459041663480168172e+00
-2.958815690911283713e+00 1.076769437291960285e+00
-2.437762625695200303e+00 -1.406831120656670264e-01
-2.098644701600410389e+00 1.026101069011197825e-01
-1.312924000888341380e+00 -1.312165714653450999e-01
-2.377878913317298171e+00 -2.104286772295247410e+00
-2.440444959423281546e+00 -1.750792155871766509e+00
-1.275604498229290673e+00 -2.063191453900946382e+00
-1.819236800944315835e+00 -2.540108764640118366e+00
-1.929025506298845283e+00 -2.198910693702507579e+00
-2.390382439823038219e+00 -3.441213807448393336e+00
-1.822992578281749987e+00 -2.149123386293989135e+00
-1.826985146086921308e+00 -2.743460881230985304e+00
-1.629602339723224658e+00 -2.940449899595770411e+00
-1.556625453366706990e+00 -3.296755951171173482e+00
-1.547832780153445942e+00 -3.709867612210874466e+00
-1.737953647334795404e+00 -3.794817025496380225e+00
-1.280269997096825207e+00 -3.249710482973064973e+00
-1.357211402048830173e+00 -4.137446156913175521e+00
-1.045555370229378278e+00 -3.317835953193730703e+00
-2.501224306868705227e+00 -3.331227416883915105e+00
-2.340286789618732488e+00 -2.837228121581964579e+00
-1.519771174998374219e+00 -2.694175436229415244e+00
-6.028108909625286005e-01 -1.346757296208273225e+00
-3.166615099318896398e+00 -1.915042059931354679e+00
-7.834968748613269085e-01 -9.085555687360457044e-01
-3.262155501065791441e+00 8.734171067480996919e-01
-3.683210729083749246e+00 1.300578131103362178e+00
-3.406214229840492269e+00 2.279905366753475882e+00
-3.132004880339862574e+00 -4.546256262134902304e-01
-1.611117870121826723e+00 -1.396597240410334173e+00
-4.451645830240066104e+00 3.190178008809128052e+00
-3.836800674369384101e+00 2.469429503612154075e+00
-3.285601523133043322e+00 2.231772290117541857e+00
-3.335391239976895683e+00 5.144941905755876732e+00
-4.058020492616360997e+00 5.307186192328074092e+00
-3.786052684154552761e+00 6.731252941081559804e+00
-4.335059326094714116e+00 4.729169974935878429e+00
-3.439562902180853143e+00 3.208203599057297239e+00
-1.804971459267422196e+00 3.214832100259914949e+00
-2.497603283172311617e+00 2.329216670269078637e+00
-2.249634011275253975e+00 -1.637718193062537853e-01
-2.442940823012527130e+00 -5.696193636022884865e-01
-1.313187080905977355e+00 -1.457986501094440390e+00
-3.046245416960968733e+00 -9.899380302763132189e-01
-2.395080109437481841e+00 -1.114665391464371158e+00
4.521938402170639359e-01 -3.647435344622130149e+00
-8.420457219461600085e-01 -4.274694057748534171e+00
-1.614658118443673018e+00 -3.218662933036302576e+00
-1.404548235470452378e+00 -2.430456384486571420e+00
-1.512020593556959058e+00 -3.826120236258546026e+00
-2.813155915336382762e-01 -3.938199802370073499e+00
-1.049500179197538019e+00 -3.643425772166253740e+00
-1.176365927173024239e+00 -3.193158166292918043e+00
-8.675512044085771368e-01 -3.803377133896189033e+00
-1.488052752479863017e+00 -4.549974848913494796e+00
-1.727408822417180412e+00 -4.475038780742528921e+00
-1.173882361208985481e+00 -3.461144274909600860e+00
-1.257251782195123679e+00 -3.537698954768356607e+00
-1.015587030566980076e+00 -5.046609019538016661e+00
-1.506195595854466163e+00 -3.982058225589574896e+00
-1.570964959119614646e+00 -3.983461385464423188e+00
-1.646451298051045065e+00 -3.634732603945191709e+00
-5.939201776589657644e-01 -2.911000180705165530e+00
1.037563970146588611e-02 -3.605989193439892215e+00
-1.092547109775461545e+00 -3.484033658882033091e+00
-1.024100391542319910e+00 -3.142949205013028102e+00
-1.489440972358919035e+00 -2.856761461971460747e+00
-1.508591977154878805e+00 -1.899297943247224563e+00
-3.289582060509366634e+00 2.347800145223250645e+00
-3.550637752748239784e+00 7.060578826280896614e-01
-2.059717680812603646e+00 2.082892625256632879e+00
-2.834014555106283417e+00 -9.523199325681919181e-02
-4.144549570745917677e+00 2.153825638011222843e+00
-2.748135591372835140e+00 3.343324243372710391e+00
-3.074398979479610716e+00 1.208632261078107062e+00
-4.517011082626794405e+00 2.791234075499475775e+00
-3.838626863844141202e+00 4.546242512497841837e+00
-3.973098758853359058e+00 3.259214152178269153e+00
-1.975868450853917047e+00 3.042184926080215401e+00
-2.960282502633184709e+00 3.114416587857565588e+00
-4.001729820218606903e+00 2.694548957165432412e+00
-3.066625011388652844e+00 2.738060845732591453e+00
-3.517059526565488703e+00 3.342405663081402523e+00
-1.269335920242257165e+00 5.659236708826622664e-01
-2.918126322310292675e+00 8.211551671612175030e-01
-2.722713072515449806e+00 2.109494650490364720e-01
-1.961495327674523281e+00 -7.749423305080267721e-02
-2.111170365198929311e+00 1.074328751885583605e-01
-1.073522904592460747e-01 -1.814576277630102652e+00
-1.611937666116448842e+00 -2.870112533473387906e+00
-1.774664525876288312e+00 -2.892221908538784358e+00
-1.863468047821054130e+00 -3.037303811156730760e+00
-1.865570889626032569e+00 -2.762956133662288760e+00
-1.411065337318400392e-01 -3.147790687373194896e+00
-1.394379296303434490e+00 -2.425356290883514454e+00
-1.193129752194145521e+00 -2.654593294337276532e+00
-1.649216849558265086e+00 -1.892981922571618680e+00
-2.275994231190816564e+00 -3.455897046577322218e+00
-7.831521265802064979e-01 -3.015862090087896519e+00
-1.345233450337872005e+00 -2.813899842844320709e+00
-1.059983770434120398e+00 -3.340929975099685478e+00
-1.501856381212961944e+00 -3.346795877645124317e+00
-2.090570109233278906e+00 -3.506768098180820470e+00
-1.061007734350901455e+00 -3.734274722410351632e+00
-1.704849372442666322e+00 -3.640700478054065048e+00
-1.693618444933140843e+00 -3.994264819224951246e+00
-1.215866486313988304e+00 -3.650448798439390075e+00
-7.206181825690837206e-01 -3.549315239324970950e+00
-8.686699128004785608e-01 -3.497656896216788880e+00
-2.913192912773574506e+00 -2.969095703468092484e+00
-4.026047190012813637e+00 -2.056809246520322709e+00
-1.392768411878504642e+00 -6.233764899731496500e-01
-2.893701753684251088e+00 -7.943904862384944254e-02
-2.795481403304024060e+00 -8.809825714010749431e-01
-3.468814514978892927e+00 1.079074982286718290e-03
-3.236828721208146131e+00 1.821204861115653939e+00
-3.151175070328478878e+00 1.962556946326047269e+00
-2.883067308179406485e+00 3.132149712314244105e+00
-3.220819334084988661e+00 2.065264964160919092e+00
-2.502585845191140912e+00 1.884661505430573536e+00
-1.869722849981784396e+00 1.924124541974212788e+00
-2.554510069972853348e+00 7.242778794438156087e-01
-2.536240926535915818e+00 1.086735814734651973e+00
-2.434437557362970406e+00 1.111948444813008363e+00
-2.434815205935954907e+00 6.389885551796975482e-02
-2.321958216738349012e+00 1.880365044064836511e+00
-2.233949736267732078e+00 1.879633161160429999e+00
-2.443906956054905599e+00 -2.500555712036441891e-01
-7.508381527794808497e-01 -8.450901206584240377e-01
-1.749511009606465439e+00 -2.865624608558653419e-01
-2.422752779766998987e+00 -9.323702512362085359e-01
-1.331473923371459200e+00 -2.505259972474255470e+00
-2.420991795537714264e+00 -2.342047638350568395e+00
-1.174485100791682113e+00 -3.261777289970919202e+00
-1.693439193037376445e+00 -2.920841357181164000e+00
-1.237055001366948570e+00 -2.905038375530270667e+00
-5.925007794569723263e-01 -3.465091864123995613e+00
-1.611132527491617283e+00 -2.944153924436125003e+00
-1.667415597412831740e+00 -3.076995234160125214e+00
-1.133232042008436968e+00 -3.749752975364520680e+00
-1.490551472424758606e+00 -2.609800705909465890e+00
-2.082397609140474337e+00 -3.605483865614018679e+00
-3.052956596256446442e-01 -3.103679853858328119e+00
-9.887723070942495696e-01 -3.313006784262313431e+00
-1.461820085551853055e+00 -3.651030554031332809e+00
-1.518691776023743278e+00 -3.646638876505230442e+00
-7.864222865198087220e-01 -2.961227596213618085e+00
-8.878845269456803191e-01 -3.743343107878604137e+00
-9.906825264601410996e-01 -3.491830004937411580e+00
-3.807872189552981568e-01 -1.818873796428253975e+00
-2.691123460792713029e+00 -2.107775929853766161e+00
-1.735805069790308686e+00 -1.401969590079615857e+00
-4.159044174360795765e+00 8.575873852901063632e-01
-3.232916396055626418e+00 1.011120470813793126e-04
-3.077255129614399287e+00 1.762960279152290255e+00
-3.910481333932938064e+00 2.116602993889230788e+00
-3.756207445878713358e+00 2.052448311164995154e+00
-4.088665868828597283e+00 4.558334876925278500e+00
-3.974347289785368442e+00 3.138486393102337679e+00
-3.973542146867944158e+00 2.816290001459291314e+00
-3.716035198542713136e+00 2.902485187606913541e+00
-5.240201280152646746e+00 2.773527275604300346e+00
-3.547166640286885997e+00 3.719102115536453645e+00
-2.375706786650657154e+00 4.166241385925319562e+00
-3.754936708738582318e+00 1.775412552462100280e+00
-4.008285025330616591e+00 2.763199259621289094e+00
-3.029282826835840048e+00 5.028604871213001593e-01
1.965403899475818505e+00 2.099040320894001166e+00
3.362312865179209798e+00 1.861928093221629110e+00
1.731974546203732146e+00 1.632945348656720252e+00
1.194936474993280040e+00 6.388926132960035531e+00
3.215004586625212823e+00 3.510946808059713931e+00
1.280132011473376963e+00 5.601781161654058039e+00
4.305400129763812700e+00 2.592046611274100076e+00
3.808289017947028565e+00 2.909757090851694539e+00
4.190566130630153374e+00 3.348034170447589108e+00
3.499108285911590066e+00 1.698045001441233159e+00
2.707463370326775642e+00 1.797190065512519475e+00
3.491216109344891905e+00 1.394371934329931007e+00
4.580420369707240980e+00 2.989532143030969369e+00
2.563564472332539257e+00 1.291029915413468565e+00
3.289545585227188873e+00 1.378006007228344432e+00
2.260178439936680217e+00 9.006586708496784333e-01
3.609722080711812442e+00 9.072824678231107276e-01
4.562803497010421871e+00 9.178884140091353450e-01
3.901023780827604703e+00 -2.728785429862612411e-02
2.964928939299849464e+00 -1.029976588958961825e+00
1.299729866720486848e+00 -1.739528762407437146e+00
2.855922035364688139e+00 5.963345747608808090e-01
1.918630796245498926e+00 5.737676715544827166e-01
4.147362544058606382e+00 7.716242067332717003e-01
1.352844357376462137e+00 1.272726502141422911e+00
2.761370908727725837e+00 2.092922405406833219e-01
2.855205834291625777e+00 2.003539522718376098e+00
2.570100157211139713e+00 4.730312194565974848e-01
1.131608545485695005e+00 3.393800857836506868e+00
3.146605832866121055e+00 3.706825880241273019e+00
7.655734314117479400e-01 3.437409702825604985e+00
8.940431104887065494e-01 2.881182650600204731e+00
6.856335515011585668e-01 2.762830949412812043e+00
2.024615823012845262e+00 1.757895861777273527e+00
2.823415889691882619e+00 2.526492048334156304e-01
3.382988354033714007e+00 1.321024767218941243e+00
2.854332295024273325e+00 7.540946692860087675e-01
2.522328283837151464e+00 4.926144541884693862e-01
3.504897493063892977e+00 1.526033369716784271e+00
4.725448922369464455e+00 1.865002786353058717e+00
3.804128534754078750e+00 1.381848209460916799e+00
3.010913073732279344e+00 6.860038837928377209e-01
3.476744662895606908e+00 7.320844122718571656e-01
2.006348074925591529e+00 1.011211909588256797e+00
3.496727508967092390e+00 1.402095399657906194e+00
4.036650910850549501e+00 2.099792195957443930e+00
3.375955848270910220e+00 2.325351871463389397e+00
2.280782588234547159e+00 3.304684159443708413e+00
3.287612413049759708e-01 2.972252583716229690e+00
1.863942467205443432e+00 4.083361398704146161e+00
3.456120152591768413e+00 4.195538002737465355e+00
2.541327114577111690e+00 2.327513774923419376e+00
3.046796109494110283e+00 1.818426683223961948e+00
1.894392452379205061e+00 3.258404940857270393e+00
2.248522707604053039e+00 3.395293437550668258e+00
2.231345922391569481e+00 1.803120964766793843e+00
2.854754079294057778e+00 1.430911611128923511e+00
3.633236393732488967e+00 9.044646488171539378e-01
4.104663424847627695e+00 1.871832475224854964e+00
4.598202091970354566e+00 1.518414203001656526e+00
3.658663885652862824e+00 1.649925473810920806e+00
4.614551199580393614e+00 5.819273990267406216e-01
5.594802520018136605e+00 1.306056654305749909e+00
5.131628534100070027e+00 1.236701914305712163e-01
3.667696661485508436e+00 -1.205028808481200198e+00
3.260597782744967255e+00 -1.221271495171522350e-02
4.384765032754383896e+00 9.985954071310884292e-03
3.980220996446266035e+00 -1.093270985279755081e+00
4.510734942245115953e+00 -5.141253785811462640e-01
3.875400074322002730e+00 -2.125997440836434049e-01
3.997165778296016381e+00 -7.979500170290962924e-01
4.669557986715445530e+00 -1.436436025583580633e+00
2.417429392400233468e+00 -1.053330541068533188e+00
3.737679975433023660e+00 -1.354739204225025695e+00
3.742224241400689877e+00 1.049437807253925659e+00
4.107580039168807318e+00 2.341925092529788255e-01
2.411216005927416361e+00 3.228301306587562647e-01
2.134736083982870181e+00 -1.191736351327737919e-01
1.165669790742736911e+00 2.612502875764579624e+00
3.526833962459238858e+00 2.492001259259844503e-01
6.870373163330552035e-01 4.570368438138922018e-01
1.742069213582286835e+00 3.577577549161463089e-01
4.673325210368388660e+00 -6.334947275697365709e-01
2.784625081012648273e+00 2.202276014367022805e-01
2.929759735709303037e+00 2.725888219522213385e-01
2.386359009059213943e+00 1.366243258855756926e+00
2.666914971439042770e+00 5.145530140344662939e-01
2.009072181063515039e+00 1.056793398592324795e+00
2.773880568306356764e+00 3.285750675520647257e-01
2.704141227968734462e+00 2.181403737483487981e-01
2.639815238230339922e+00 7.820596664325207836e-01
2.555371261079594447e+00 9.734373897811179344e-01
2.078801764444422773e+00 1.005266915239500625e+00
3.484547496256902743e+00 2.376329544394744087e+00
3.982552908152992011e+00 1.018745089307606877e+00
1.791393943900551733e+00 3.792445201652330677e+00
9.009497027773356592e-01 5.221129360910127026e+00
-3.021937691469754883e-01 5.577699208288288801e+00
9.521791436814251997e-01 4.203974892224882076e+00
-6.785424342498759531e-02 3.532724086676171105e+00
3.518180070682107807e+00 3.342313016108524604e+00
3.819070112632223069e+00 2.319339314695782583e+00
3.238761761071037526e+00 4.005479259659104230e+00
2.947866641634593776e+00 3.478324841355767028e+00
3.187137122287479141e+00 1.694289157823976932e+00
2.024131310350018254e+00 4.603308098558635264e-02
3.661229233802712812e+00 2.054215833731781071e+00
3.668247135711315998e+00 1.547973363199525831e+00
4.296735770412449362e+00 6.504831986528241128e-01
4.602195528012738457e+00 -1.539776923220902982e-01
4.252859247150642119e+00 -2.922895332479210073e-01
2.532550240726292756e+00 1.808508394572980182e-01
2.897619330021050654e+00 8.528217924004277695e-01
4.165260877315978050e+00 -7.015960807998188331e-01
3.159442903348535392e+00 -2.209090879168202903e-01
2.960390940644592295e+00 -3.511123750832493284e-01
4.046473532321563482e+00 -8.181937145431873448e-01
3.291752887497820357e+00 -8.607644026471834575e-01
2.182008262209739424e+00 -5.610249598293397533e-01
1.780421621161084378e+00 -8.983471761390011689e-01
3.036978228553509851e+00 -1.461738843540159705e+00
3.695780535638786723e+00 -1.308174789901087598e-01
4.865351184670294593e+00 1.312252477270842377e+00
2.929980613241354170e+00 8.099406456510098717e-01
2.927043846506875546e+00 5.521653450660864992e-01
1.697811296819315086e+00 4.967783425171720668e-01
1.330003971726090084e+00 2.986290822627834518e-01
1.955549669476205787e+00 1.569523841508299267e+00
3.486706874653665356e+00 -1.818376348494520123e+00
1.777980151560860200e+00 -1.664848543286903682e-01
1.667183221712674968e+00 9.574456797277132170e-01
4.181863009436249889e+00 -1.110493685103734363e+00
5.051674731287401521e+00 -2.397523999485366097e+00
3.477864482976591454e+00 -6.099755655826751832e-01
2.712282708376029472e+00 -1.282769933951180441e+00
1.860573189077366463e+00 7.959788600416460858e-01
3.614092168412581962e+00 -1.614347033641149176e-01
3.743117956675014568e+00 6.367307913355568783e-01
2.410524812394788441e+00 -1.402635323957115987e-01
2.683436460021547454e+00 3.002267445274239055e+00
1.323684679200090919e+00 2.034929336616393858e+00
4.182580236748608016e+00 -7.238276699609413889e-01
1.468359850782043674e+00 4.477404320825418282e-01
3.480963382598735389e+00 8.536911306394970866e-01
2.822261976444199405e+00 3.156012554586130836e+00
1.822839048564218523e+00 2.398169077579099806e+00
1.988497799584864500e+00 3.342686536873017200e+00
1.507222303689202736e+00 2.204992533604845484e+00
2.683035313616808359e+00 3.576317792366564330e+00
1.421563595911790046e+00 5.290284081564354146e+00
1.185698632912982164e+00 2.788771533328392671e+00
2.812912093730036922e+00 2.140484389345831850e+00
2.415027963783643816e+00 1.861039353519735595e+00
3.957422517264067352e+00 2.851908497160005496e+00
3.033220131329047664e+00 1.082737702152712256e+00
2.279179067896857980e+00 4.961494182744039527e+00
2.619130458429770769e+00 1.205812437068501941e+00
5.213851261059609499e+00 3.708999747155115934e+00
4.613022948998260375e+00 2.110963931981449937e-01
4.414986692880919605e+00 -1.385257207595121720e+00
3.234990005216447528e+00 -3.972046872057680145e-01
2.795523717537807595e+00 -4.960459634674849183e-01
5.017639746729719796e+00 -2.279843033790998272e-02
1.718259195504375780e+00 -1.267227865071394843e+00
5.420256498903878395e+00 1.613530588582411454e-02
4.083054398779150773e+00 3.162998367269563849e-01
4.740728486165538769e+00 -1.749429176712858691e+00
3.527516008444473883e+00 -1.177816371653367389e+00
4.995068060785332165e+00 -6.473575826776752917e-01
4.934557544773952031e+00 -2.023765040009524174e+00
2.716749446869318074e+00 -1.510795307339922289e+00
2.462458625041624938e+00 8.509718682878366636e-01
2.659909123932441499e+00 -7.763259802641524210e-02
3.655055335703360608e+00 -5.026247323199748429e-01
3.355997288561232139e+00 -9.034257671449975879e-02
1.513865954996532981e+00 4.573330019258019519e-01
1.610185344985147315e+00 2.375706709016427720e-01
2.285998058739876271e+00 4.750481213996353147e-01
2.079396966856387863e+00 5.693211263060125038e-01
3.936773215557177075e+00 6.100487410550131662e-02
2.845418284916134688e+00 -3.710564007688237353e-01
3.137627631947980777e+00 8.640109572407094207e-01
5.515138169533941870e+00 -2.299227810634291436e-01
2.662911491202801795e+00 -9.916585081822753001e-01
1.657370188594806670e+00 -7.601132738529404742e-01
3.405372397549150332e+00 -1.791528820544901757e-01
2.670051100091561658e+00 -3.980612632411534846e-01
3.597302157992788185e+00 -4.918477907189927611e-01
2.613899032103588649e+00 2.281659942508698982e-02
2.190356454146177079e+00 -4.718464273387938945e-01
1.043435469190069131e+00 2.102785201373520874e+00
4.090224982038304979e+00 -3.566074227461350499e-01
2.022718399718149929e+00 1.133293032872435102e+00
1.305245478895109112e+00 2.393266885896833340e+00
2.519564592219399657e+00 2.436221696397085523e+00
1.153172695189591090e+00 4.419049159978487573e+00
2.024430771085444558e+00 2.552133715307206341e+00
2.818293199214751077e+00 2.207395378334108926e+00
2.333846111675625501e+00 2.164256894987729662e+00
2.337024887992862343e+00 2.054730203983649695e+00
4.710092680009371868e+00 1.111757897612424495e+00
1.191120772241268666e+00 -1.214085188065520127e+00
2.969613107623043202e+00 8.554002044240887059e-01
3.906255379883625700e+00 1.691460961474323899e+00
4.525303218977891007e+00 -1.165102918034944590e+00
2.510987766898125972e+00 1.361659710688665426e+00
4.800907824832820303e+00 -3.781282329770812023e-01
3.120766982995963001e+00 -9.434775316532454381e-01
4.521720330119005204e+00 -9.729367088224594173e-02
4.949753080504843084e+00 -1.117874709318348536e+00
3.813453054552137456e+00 4.108528292543027205e-01
3.346026238861512514e+00 -1.673071808431043417e+00
3.002497682051226580e+00 -1.318855188434484349e+00
2.773788429833909497e+00 -1.245000938330736773e+00
3.113883233069849155e+00 -1.160750585721785688e+00
4.196936022869829586e+00 -1.258269746264311317e+00
3.368345591457156285e+00 -6.047407579155010815e-01
5.087967757322769735e+00 -3.380102660189244351e-02
4.439753881719710193e+00 -1.420613791106940305e+00
3.509983143893483870e+00 -1.086398949574638229e+00
2.337174172573599051e+00 -1.856079665503105325e+00
1.748930139983559728e+00 1.128292667960936635e+00
3.772398075819953345e+00 -1.269021193428633065e+00
2.812579649095300560e+00 -5.595588739072455686e-01
2.680017739689427358e+00 -7.776114636273433467e-01
2.334665217019840533e+00 -2.036545156214246255e+00
3.218745496562020136e+00 -2.508724638267587626e-01
2.322222458956094471e+00 -7.260519135700180815e-01
4.738757680034732189e+00 1.156113807046961650e+00
3.654331831058587721e+00 2.824900860554854787e-01
1.382540564208534661e+00 -5.430720520136356200e-01
2.933161935500950168e+00 -7.302973673684718392e-01
2.111339969817357609e+00 -1.452765411952520624e+00
7.913042238096433811e-01 7.362929320796390842e-01
2.687514471459650611e+00 -1.406217980893698094e-01
2.735364293219434195e+00 -6.824262564773375672e-02
6.927642460064579177e-01 3.382849273878394403e-01
2.708565779414755514e+00 6.871926956208848081e-01
2.813768264251538476e+00 1.477317425659284256e+00
2.287730468852074317e+00 2.312691157909390061e+00
2.434410478784594822e+00 1.241339780080016109e+00
5.087852579042081658e+00 4.555133310046847406e+00
1.791624008200443541e+00 4.038666808599081115e+00
1.741739262317676618e+00 5.103026001285190461e+00
1.674212286601884037e+00 3.290027609585950419e+00
2.460965296297265681e+00 1.790091507223974698e+00
4.228448082462466395e+00 9.939172634735450318e-01
3.573249146867425896e+00 2.281569703278992556e+00
1.722883869585064565e+00 3.085584540196292913e+00
4.736092943018265444e+00 9.274792658524975142e-01
5.211595948359159181e+00 -1.313238002390184900e-01
4.986550562215006366e+00 -9.194939244925615096e-01
4.743746652870211911e+00 -1.319646280762527546e-01
2.803913796944550896e+00 -2.007557252310280926e+00
4.911971653075166699e+00 -4.317633271299545772e-01
3.662009913086936574e+00 -2.109428231213553939e+00
4.480675449902532748e+00 -1.010070863506598471e+00
3.874236255052441624e+00 -1.359007558389134784e+00
2.572695721823198944e+00 -1.655504425229546328e+00
2.962645700854236619e+00 -2.397523349574340212e+00
4.727656218508849761e+00 -1.561283420594245186e+00
3.525677851692323284e+00 -7.091111841887087763e-01
1.581511710173894691e+00 4.700974805681856217e-01
2.033853195279564652e+00 -4.747492233164363751e-01
2.299363956266879949e+00 7.556851079760714684e-01
2.190611740015599107e+00 -2.157731518911191193e-01
1.692640807097429922e+00 -7.629513608552577208e-01
4.494941214434096999e+00 -3.848121818122841042e-01
2.049278407013321424e+00 -8.660912516868018995e-01
2.988984590947841635e+00 4.183828741226844339e-03
2.923282396596494692e+00 -1.175481698704398781e+00
3.142384062083046992e+00 -7.274249261653850662e-02
3.489070667146390914e+00 -1.295086033129042857e-01
2.779503274859798978e+00 6.151125203257874763e-02
1.825395462656500323e+00 2.090871239420934113e+00
1.684687884102900934e+00 -4.245656346366291634e-01
2.834064069294954358e+00 2.006883581637758596e+00
2.058337729910166836e+00 7.336380782022692948e+00
2.270773257573973858e+00 1.621634524317537185e+00
1.127633401521681566e+00 2.935166679560038627e+00
3.713228165617327381e+00 1.164659276272477451e+00
2.819914304384517845e+00 1.312081921771561133e+00
3.107752951507628758e+00 3.012105039876090906e+00
2.727371108228852314e+00 3.857200739864208305e+00
2.024111068899327126e+00 2.406105153024750365e+00
1.846822430063637777e+00 3.578778487419242982e+00
4.150908798947038569e+00 2.448659884027356792e+00
3.189336151640988160e+00 4.034209212851164850e+00
2.601380030051187120e+00 1.344267575214761035e+00
3.958451734380787013e+00 3.467618889046738762e+00
3.082031692695908820e+00 2.566783799131695520e-01
3.109546614176331492e+00 5.709966212769393978e-01
4.295963336631380969e+00 1.278480541487119204e+00
3.564876068970246781e+00 1.354891095612092311e+00
3.443303551645997995e+00 2.379840694318752448e+00
4.706820294542698235e+00 5.920437786577561479e-01
5.952248452774821175e+00 -6.692710764651731425e-01
4.984988425978993831e+00 1.704766473662288340e-01
2.865734989070929384e+00 -1.506210087885823112e+00
3.950400655580984743e+00 -2.858321422576860282e+00
5.309479655961031774e+00 1.306708097710508609e-01
4.437999519761304690e+00 -2.172691460754064607e+00
3.866833551668524382e+00 -2.482951634612171610e+00
3.183274502972174513e+00 4.944200300904917633e-02
3.691843258154166918e+00 -5.197375346149281095e-01
2.867983086073221610e+00 -2.309212392302689043e+00
4.418959579680309169e+00 -1.577584011250358742e+00
2.020961949523259804e+00 6.292036338761114456e-01
1.302144985413813405e+00 3.161980011228083254e-01
3.627046670314400423e+00 1.112881983999603613e-01
3.166800504722212750e+00 -5.913225334059570848e-01
2.801657229733389265e+00 -8.150170213478172832e-01
4.615720087983517850e+00 4.660294396851160093e-01
3.473880153977314755e+00 1.256401665045445704e+00
2.347641610230992271e+00 -2.201158529087047511e-01
2.835391160439387104e+00 7.376652872778983738e-01
3.765880670465532098e+00 -2.529982830971025387e-01
3.096551981433342871e+00 8.188345535299526023e-01
4.003057865341384414e+00 2.900162244488024288e-01
3.492317726154687385e+00 -2.349652155233064588e-01
3.581699596150504039e+00 -8.375480012907099425e-01
2.661657107119320909e+00 -3.665114998171287164e-01
2.601092185959623215e+00 6.575211973523718001e-01
3.917209184356381435e+00 -1.723580224849197151e-01
2.661513294197898283e+00 5.936745083366028464e-01
2.729786114550453835e+00 5.953771161423456748e-01
2.236757665950706908e+00 3.238852749290574096e+00
4.364438418156296073e+00 7.167870772900931664e-01
1.593602724306029339e+00 4.241651893083493441e+00
1.751264026002543828e+00 2.297987308046296029e+00
3.167155509100994859e+00 2.769198558311878777e+00
1.272484093659435045e+00 1.916115450832586831e+00
6.945832208387934248e-01 2.145380654514449148e+00
2.757811789043028927e+00 3.106012394753511874e+00
2.548713741850296088e+00 3.354978498088905248e+00
3.866733539416021603e+00 2.690305558688090404e+00
4.276505264600111822e+00 5.486313073756965863e+00
2.818301774546882132e+00 4.184992089304000906e+00
2.238932152086112737e+00 1.951317887908104343e+00
3.012707150160005565e+00 1.805705522422656806e+00
2.862159323403062672e+00 1.331880028460114662e+00
2.976159092032840014e+00 1.293972297870487509e+00
3.622972271337158379e+00 8.857832111907062433e-01
4.272906083674038236e+00 4.319252674198744146e-01
3.481147839297423996e+00 -1.372490679460758312e-01
4.521229027911983778e+00 -4.763523581495691106e-01
4.575634360281072510e+00 -3.947267130971658378e-01
3.438916896580234361e+00 -1.993629861547549620e+00
4.646042018672702056e+00 1.426053600059819626e+00
3.230488735557977442e+00 -3.473047159771696646e-01
3.905958282602683074e+00 -1.335648876976414545e+00
3.420027089575275347e+00 -1.388415563305358313e+00
2.230244749927631442e+00 -4.429568442560593011e-01
2.932990903599151267e+00 -1.653019027109907446e+00
3.811705681619697028e+00 -1.050762680390723514e+00
3.437011833190077414e+00 -1.430316331801995355e+00
4.314921408584949880e+00 -6.355405489343394221e-01
1.730433001253545156e+00 -2.749676073193501602e-01
2.709057294043967001e+00 2.868537272950534955e+00
3.154235349964070956e+00 -4.395100279354100525e-01
4.523925218284495564e+00 -5.001686551561496108e-01
1.941642722474170357e+00 6.463585595188653388e-01
1.274972745391420803e+00 -1.201446773422340797e-01
2.784439518469474795e+00 5.656428487606781630e-01
3.049087334864826193e+00 7.837337097938191777e-01
3.214390938169501055e+00 -3.153962311727935286e-01
1.360291599894718928e+00 1.094434919386653299e-01
3.519043282292570129e+00 1.297909198121192986e+00
2.304836870492839918e+00 4.548687666942183294e-02
3.834096762454684892e+00 3.787423192403729932e-01
2.947983339476026199e+00 8.693611727812949885e-01
2.531446124865731395e+00 1.431432727832842255e+00
1.084267481479401107e+00 -8.967638564694561110e-01
9.757637721318709323e-01 2.737512896635920345e+00
1.473824857448308379e+00 5.712546107083763758e+00
1.514141085016585064e+00 2.149973384440394319e+00
1.208280177936956079e+00 3.993098243014226445e-01
7.215108432499723889e-01 2.168943231614318456e+00
3.260923375079455955e+00 2.957135995453774147e+00
3.906229696354500014e+00 2.045655531709075881e+00
3.246165964421465766e+00 1.591139862967953844e+00
4.885480644254523774e+00 2.261458191696395836e+00
4.665909402335181255e+00 1.420824496145305371e+00
4.454888668793134165e+00 8.202176461060900481e-01
4.131706431106764832e+00 1.140733985824256891e+00
3.733309206100011046e+00 7.468844186495301463e-01
3.610945278963324956e+00 1.022146491979253558e+00
5.244028189250557581e+00 1.037286458123478861e+00
3.724901494163156634e+00 -1.760553982334444267e+00
3.847422436042361227e+00 3.281915652576147813e-01
3.589272676988042754e+00 -1.867632375983948045e-01
3.121610893152709121e+00 -9.114763242903736185e-01
6.671914916472315937e+00 -3.217944135435579223e-01
5.009675019885885483e+00 -1.512485919731353934e-01
3.325513427786777942e+00 -2.307736134621897417e+00
3.332104656397429032e+00 -9.099307342396544263e-01
2.506149849746009739e+00 -6.765352579028418578e-01
3.782024513886231176e+00 -6.524354924176519743e-01
3.314949431727713058e+00 -1.142191205899702133e+00
2.957233244198761657e+00 -8.161426762815365832e-01
2.871904176917183360e+00 1.764792094503596920e-01
2.450362204111644626e+00 7.621790424902826766e-01
1.997342482476740511e+00 1.610176601745957115e+00
2.881139425435903512e+00 -2.186708424170435636e-02
3.863359700867863733e+00 -6.675793319876623111e-02
2.289257491986204318e+00 4.219279674679573544e-01
3.600458353544918388e+00 -1.983492349474642591e-01
4.384335100823481213e+00 5.111864674232045047e-01
4.380849525241411691e+00 2.583103428276072311e-01
2.889413035102680549e+00 3.975735332805082067e-01
2.576081813699190981e+00 1.833357221299256323e-01
3.343249545189907135e+00 2.669828549167141407e-01
1.796702850607817759e+00 -6.741216227909848646e-01
2.970546816759105813e+00 4.209028004492403052e-02
2.792834500181448298e+00 1.051705205112664743e+00
1.837752799917759861e+00 1.298765540968991605e-01
3.526147880465761997e+00 5.296946713216739155e-01
2.950595303499315314e+00 1.986503183209429035e-01
3.017151635508577012e+00 2.630093024190636730e-01
3.850295699973227848e+00 2.699652331817988249e-01
2.262364935588932369e+00 9.561412955671071412e-01
1.120652406591020611e+00 4.361282408896176577e+00
3.673597852093857696e+00 3.204562382486350725e+00
3.586968196531923336e+00 2.983949558511757583e-01
2.435884443219510143e+00 1.450601671521572822e+00
3.982252920625453552e+00 2.168650004616356153e+00
3.241501065739436971e+00 1.664763067196220581e+00
1.912248352081601599e+00 2.702154118926047399e+00
2.220824558890062139e+00 1.748219872989509760e+00
4.515720424905052433e+00 1.195310941242805569e+00
2.980905664769439412e+00 6.971185768797752980e-01
4.455170007095254903e+00 -1.567750460183511718e+00
6.423497420232863853e+00 1.253485761853041058e+00
3.354577356217897321e+00 1.733861170746765212e-01
3.732024497795897844e+00 9.259778225138518004e-02
4.565744439118613052e+00 -8.890469449634605947e-01
3.535026843029891008e+00 -2.925044790025904673e-01
3.349769701763508856e+00 -2.923940244210037620e-01
3.263856125001964870e+00 -5.368370782788315504e-02
5.135334121917492389e+00 -8.465072246427635116e-01
4.465520437041172741e+00 -1.377701627663864059e+00
5.498342073292250554e+00 -1.316079995122400925e+00
5.599993251045809473e+00 -2.108038374648343982e+00
5.014816599791462437e+00 -1.432097605031211307e+00
4.446474079164651982e+00 -1.613624101259079069e+00
4.981342185039672188e+00 -1.351214960870717130e+00
3.726842379044382980e+00 -1.583280731566618194e+00
3.896796438258248951e+00 -1.787434402936321831e+00
2.306357009106031697e+00 -2.162164479606701051e-01
2.174930216096781166e+00 -3.431400486392132132e-01
2.668174534407282916e+00 -7.183198412942002342e-01
4.206131426802307338e+00 -1.016079225146127474e+00
1.634523182513627271e+00 -1.254608646414252515e+00
2.411661737567071917e+00 -1.435175242324462586e+00
3.498260802929352487e+00 -8.658671310472152438e-01
4.880136991056492235e+00 -2.004148476319007610e+00
2.582430566022797080e+00 -2.027651684061078541e+00
4.742929781930802058e+00 -1.199860110878760100e+00
5.765960450590692510e+00 -2.988180484200394726e+00
4.030551242106556131e+00 -1.105727782955924221e+00
2.893769681143857131e+00 -6.678427714020076511e-01
1.777251968261272186e+00 -4.242969731154506152e-01
3.498770992339141905e+00 -1.194594951956006845e+00
3.629900441824637003e+00 -4.989369887304900830e-01
3.044721726266137019e+00 1.904182509087056635e-02
2.021518754683921948e+00 1.192846297029270947e-01
1.938674945335525868e+00 3.713896520307681026e+00
4.245591349973315332e+00 -1.263449466614822825e+00
3.315377319480516949e+00 -6.928748683202335945e-01
1.570422432599115403e+00 2.828114669918281088e+00
2.679006932449416567e+00 2.736110153177956139e+00
3.457411533360302602e+00 4.269960783644721758e-01
