-3.154748841148757421e+00 3.454437638590378334e+00
-2.454359456988733701e+00 1.182346174012012696e+00
-2.095881704449957361e+00 -2.769358981778756723e-01
-1.340814391737038536e+00 -3.162013067155648449e-01
-2.462961538348923396e-01 -1.320618795880695640e+00
-1.940167057023071129e+00 -8.386878609729984113e-01
-7.958987497272059786e-01 -2.713047204979073701e+00
-1.585485794482668798e+00 -1.810304012962135500e+00
-1.571594585530459165e+00 -9.583651418972873870e-01
6.520913690438825613e-03 -1.657050820826515780e+00
-1.385428143248963018e+00 -1.117152265152534296e+00
-1.158673994633621529e+00 -2.501167384763693047e+00
-1.347161746118211156e-01 -2.607740076296617637e+00
-4.532783084407738805e-01 -1.973617331727738566e+00
-2.211690894673560004e-01 -3.554900352946195774e+00
3.269281224072441150e-01 -2.652641524512137750e+00
-1.026246465031222410e+00 -2.544912989697191374e+00
-6.725222124806897739e-01 -3.003318268640466915e+00
-6.460527514047872399e-01 -3.232342100784655781e+00
-5.435026795224713325e-01 -1.560216501369507069e+00
4.792582627595439182e-01 -2.030855222631937185e+00
-1.113002330541700502e+00 -2.450276209858866849e+00
-9.453867066848733458e-01 -1.365094353535520666e+00
-1.427683879499386688e+00 -4.749853530587209161e-01
-1.787379491893621664e+00 8.968207073464717904e-01
-2.127493077886695172e+00 6.215192432465094230e-01
-2.914537335643522464e+00 3.572493580464279006e+00
-6.358176141432682060e-01 1.378965194944837380e+00
-3.046723578162744417e+00 3.164712667942779944e+00
-3.394989641118864476e+00 5.122399589899221617e+00
-2.236320633891702325e+00 4.587405483752466928e+00
-2.579890378773191273e+00 4.131208182973538534e+00
-1.943561510319952168e+00 3.682513176494810025e+00
-1.241303321563110407e+00 4.294945360364450515e+00
-2.291498137829491188e+00 3.027351287832211302e+00
-1.776105690813760463e+00 2.844074972167403459e+00
-2.561879604145866018e+00 2.691019836857126979e+00
-1.405252063584834454e+00 2.428992544601447978e+00
-2.596375614775349838e+00 4.030066782639933010e+00
-2.597974684927823574e+00 3.028921334130107113e+00
-3.343222298941491033e+00 3.262644722697432886e+00
-1.942542915914144963e+00 2.478455370969593619e-01
-2.334575135790944334e+00 1.081798408820081603e-01
-2.310573768440683740e+00 -3.156617950065271905e-01
-1.005017792372639995e+00 -6.577956275708189970e-01
-2.357422515316532241e+00 -8.716911620428662300e-01
-1.876365241369329251e+00 -1.540792327995365474e+00
-1.876917021098616578e+00 -2.809204895234674204e+00
-1.118663061022641347e+00 -1.692725134842456125e+00
-2.086618523685619397e+00 -2.593734313781450140e+00
-1.728527378113978941e+00 -2.297626269259747556e+00
-1.427267667171105314e+00 -3.331190412272088786e+00
-1.505313052774408966e+00 -2.629059932473465366e+00
-9.700515227795468709e-01 -3.351815925797712037e+00
-1.276249659763806221e+00 -2.903441013278398763e+00
-1.360547286443338111e+00 -3.306458421269672154e+00
-7.343784701355360323e-01 -2.846773835890294979e+00
-1.258741277238382805e+00 -1.954166745609053013e+00
-1.950811155217585746e+00 -1.508874423367160267e+00
-2.211992642811036802e+00 -2.466173988203104184e+00
-1.467591025520635695e+00 -1.583617700018384200e+00
-1.690769255218692591e+00 -2.574316227206293384e+00
-1.937534528437473424e+00 -1.286170274469678354e+00
-1.311465742472214480e+00 -7.002096450303911812e-01
-3.503643853593640500e+00 7.182551581486460446e-01
-1.893532554414388835e+00 2.193112223659565430e-01
-2.983195274988875489e+00 -2.918371586503721304e-01
-2.798069001449784210e+00 1.037666771821118106e+00
-3.664027567035837762e+00 4.451910445684326589e+00
-1.121791698765843392e+00 9.472011822371646517e-01
-1.898630478367658414e+00 2.475073646548572537e+00
-2.932639558663471036e+00 3.830036535415607624e+00
-3.028886433596496008e+00 4.135532681005164690e+00
-2.838103113547666201e+00 2.172241008752178182e+00
-3.039006167085858134e+00 2.040898336496334231e+00
-1.610207917320219728e+00 1.258952850494677422e+00
-2.006365433248812113e+00 7.514539086245313193e-01
-1.718286630540970750e+00 2.005734538477474960e-01
-2.363526555884171376e+00 1.126627946678009362e+00
-3.159385632560837376e+00 7.701247889509835742e-01
-1.344663731642278703e+00 9.403404048658415837e-01
-3.243386821590547253e+00 5.495132276854173270e-01
-2.111958750858707601e-01 -2.238735649520588566e+00
-1.535072104097842560e+00 -1.473925009504366779e+00
-1.761852344279136062e+00 -1.851980237594371470e+00
-1.207896063663698394e+00 -1.544776609068050810e+00
-1.594894009754386666e+00 -2.218842637069700086e+00
-1.899867522194338854e+00 -2.830441174941204618e+00
-1.438705983268950384e+00 -2.128337398068999242e+00
-2.603918690426859861e+00 -1.577555563321685561e+00
-1.992627161883183007e+00 -1.161075803877217316e+00
-1.569726321040398220e+00 -1.878339821707006418e+00
-7.687716957066035306e-01 -1.285479563331373365e+00
-8.119428150001591904e-01 -2.448713428681529081e+00
-1.807911452507961814e+00 -2.094531453749088001e+00
-1.246815492362321143e+00 -1.781785135383236129e+00
-1.773552402798397321e+00 -2.362375111821290563e+00
-2.400849780069914119e-01 -2.056763058539251787e+00
-8.612623088273997363e-01 -2.261249997071558049e+00
-9.917424120560971446e-01 -2.777183430156914934e+00
-8.826717612548992120e-01 -2.346452132752928410e+00
-2.749102528229327991e+00 -2.232598858340476777e+00
-1.234335377403967815e+00 -2.419963372978247929e+00
-7.503071698519807597e-01 -2.039499981913314830e+00
-1.951396432593339281e+00 -9.933758359589995868e-01
-2.607265150741049808e+00 8.142272768617535295e-02
-1.178346316948432060e+00 -1.545246395727692512e+00
-1.701782929701822766e+00 -2.790123380196323777e-01
-1.758598380529703409e+00 -2.672955764685073787e-01
-4.213572121708804019e+00 2.206954087087541705e+00
-3.344909226145651004e+00 1.667836294151429088e+00
-4.180565833457305480e+00 3.533430626096935256e+00
-3.904799860716237969e+00 4.013947730733962160e+00
-2.368334727075804391e+00 1.856162356992984375e+00
-2.587350665591982679e+00 4.048344794622925846e+00
-2.071491540422317090e+00 2.694103728383031804e+00
-3.175587110366714150e+00 4.015783616864673888e+00
-3.052133753510296366e+00 5.736534473108653387e+00
-2.684269478051360291e+00 1.748588927879868526e+00
-2.637652692951828026e+00 2.602415896586410593e+00
-2.621185397775066761e+00 1.816883138465732017e+00
-2.972190665988396319e+00 8.679480102125887164e-01
-1.629419681374084217e+00 1.413942529440499696e+00
-1.943874503160606393e+00 1.337822382882944972e-01
-2.359740618833593206e+00 5.056179526412426517e-01
-1.320101751576913784e+00 -5.491717327446137276e-01
-1.264916099937734906e+00 -2.765390136510725849e+00
-1.438724084798655989e+00 -1.408050981523657263e+00
-8.603042963767346674e-01 -1.743999820631806363e+00
-1.554753419380342949e+00 -2.326668154753731343e+00
-1.730921044289050359e+00 -2.062658690436440789e+00
-9.478518185655995243e-01 -1.620684367443036678e+00
-1.605597520534808087e+00 -1.950206654946568641e+00
-1.157154494805356482e+00 -2.039316107904319608e+00
-1.702074653113807789e+00 -2.816592042019289366e+00
-6.250565527395497423e-01 -3.239234948064444453e+00
-9.511332771585190304e-01 -2.258504245382295217e+00
-1.578213932683435905e+00 -2.436290485210569567e+00
-1.930379546706643135e+00 -2.367004088117993454e+00
-1.414259120626460753e+00 -2.146159472208412744e+00
-1.634604932008710820e+00 -2.769513668598114542e+00
-1.754241642191807005e+00 -3.122578567087008761e+00
-1.369142194064960405e+00 -2.178307976185466455e+00
-1.826681970445797942e+00 -2.448180130589677539e+00
-1.096659200246506094e+00 -2.323605870842025745e+00
-3.042465882743681682e+00 -1.263234589776582872e+00
-2.215587628912411677e+00 -6.735342271408915060e-01
-2.886499436635643900e-01 -4.693382886660741327e-01
-1.947778778319098958e+00 1.885474367444779920e-01
-3.785371237462174410e+00 5.641705804100746180e-01
-2.923928343263553664e+00 4.621400012920516276e-01
-3.952599642868655838e+00 2.189245619760054051e+00
-2.607678449450992364e+00 3.018081391543677494e+00
-3.139175085401274323e+00 3.128596583654913221e+00
-3.673720323341691518e+00 2.892386460515073754e+00
-2.202817323838219377e+00 3.334731442152764291e+00
-3.992711129907346113e+00 3.152057832535337667e+00
-1.847451488095625427e+00 3.646046927735893561e+00
-2.934729157979834913e+00 2.299829377001576081e+00
-3.129261106896694233e+00 2.949777784548528459e+00
-2.356175655817591696e+00 2.360978754590373985e+00
-2.212557664993191509e+00 1.420790372542431790e+00
-3.386345711329528996e+00 1.985974861067630659e+00
-2.669978775961448392e+00 2.518114720930701544e+00
-3.390903403869823585e+00 1.337622942370056744e+00
-1.596461759566807803e+00 -7.314814392845326863e-01
-2.857639026601388466e+00 -2.221600954570116526e-01
-1.908454696203636836e+00 -3.500712546533965019e-01
-1.290758190633739089e+00 -2.159185506096187979e+00
-1.815622221199480357e+00 -1.142106980145906059e+00
-2.200260930629197365e+00 -1.626379605499546077e+00
-2.429657586044836393e+00 -1.679003026374141117e+00
-1.992744722113728884e+00 -1.826521486974958197e+00
-1.856353466829668175e+00 -8.513394525096864562e-01
-1.925377094156028202e+00 -1.014971964710136954e+00
-1.856306451659875956e+00 -1.780872721232424016e+00
-1.607228991868592471e+00 -1.470703690234188787e+00
-2.948752940514356879e+00 -1.975987650592347489e+00
-2.148687443951537990e+00 -2.050785672605597298e+00
-1.830987743563397885e+00 -2.258141222894589628e+00
-1.118683793364558587e+00 -3.452212245000559676e+00
-1.180177822161962764e+00 -2.416125550216754903e+00
-3.940033349618406455e-01 -8.286200395714817812e-01
-1.419388305798102934e+00 4.038141119786299527e+00
-3.304453637612404737e+00 3.987103829819517831e+00
-2.102594452372334111e+00 2.669582983185155189e+00
-2.350150108348341149e+00 2.977438655146782853e+00
-3.245745232250649703e+00 2.507277231605693490e+00
-2.812025732948668644e+00 3.206333869216978716e+00
-2.580921456895141741e+00 2.962907325244401591e+00
-2.840264625009926380e+00 3.280552802735190010e+00
-2.438472802897936997e+00 5.760768813093157803e+00
-2.137668345490715716e+00 5.674737215140734925e+00
-1.622603634709305798e+00 2.115991203625136485e+00
-2.873041285386321420e+00 3.116074890936751718e+00
-1.328109156079671616e+00 -5.800124971854766498e-01
-1.193477476908960888e+00 -5.604627513312315790e-01
3.719727191135150379e-01 -1.651264131273346702e+00
-7.524482827403281560e-01 -8.573125789360559468e-01
-1.851188469688699545e+00 -1.406086678940277501e+00
-6.682086508023118432e-01 -2.426410812985596355e+00
-6.457523847457139476e-01 -2.764311323225728145e+00
5.123281754054777315e-02 -2.979895991997105753e+00
-1.084416145773657858e+00 -3.510950624722160018e+00
-6.363069326039898499e-01 -3.248086526881571512e+00
-1.503090910055224771e+00 -2.740980403422766720e+00
-1.023887017402034472e+00 -3.920590244726234630e+00
-6.457832444370720237e-01 -2.966194686640164946e+00
-1.597774745696509235e+00 -3.178456320426743087e+00
-6.257785340361896598e-01 -3.579161016301418474e+00
-6.525727951590011289e-01 -3.788184436616078177e+00
4.377749919547356816e-01 -4.176723069778427444e+00
-1.676843163116084501e+00 -3.879968543218472288e+00
-4.584424281481599972e-01 -2.383771358329912715e+00
-1.689236831786205650e+00 -2.657757579946506077e+00
-1.624872458906142514e+00 -2.370797985397057328e+00
-2.962371816728683882e-01 -1.821822090243236714e+00
-2.213733416060243542e+00 -6.952811266704356230e-01
-2.210389490454488293e+00 -9.678839094152954514e-01
-1.133610668655978371e+00 -1.026370369367699986e+00
-1.894462459182838066e+00 1.314040219496542539e-01
-3.067526303054012082e+00 2.344771915230413617e-01
-3.812090172365671936e+00 2.104566701077924762e+00
-2.090465107581365167e+00 1.355032210074727628e+00
-2.123045966003719531e+00 1.448783821619408441e+00
-2.207087489028884519e+00 2.286464807795768550e+00
-3.413051823126908690e+00 4.773472155434985709e+00
-3.753824906066885347e+00 3.516731604236678521e+00
-2.008138063599014256e+00 2.670463509631311627e+00
-1.106661233833633906e+00 1.892772891342965558e+00
-3.157207900707957204e+00 1.966484444372124329e+00
-2.039370197295832909e+00 2.175815822925326604e+00
-3.339204272569781029e+00 2.437437775097222037e+00
-1.561945517796820448e+00 1.162703685017726585e+00
-1.712280221085084486e+00 1.905114255122889011e+00
-2.141805776166867847e+00 2.240912555704066556e+00
-4.571581560598751537e+00 2.423727478593967533e+00
-2.114649543721720981e+00 -1.252778122201630984e-01
-1.329797236573650565e+00 -1.879319973950076106e+00
-1.082900916201475106e+00 -1.982557924683430395e+00
-2.412997253090296557e+00 -4.881352574601529604e-01
-2.022078132687843421e+00 -2.275746786211043926e-01
-1.651732393932215492e+00 -1.361095826966569389e+00
-1.681572263080998164e+00 -1.915534913217706858e+00
-9.950533896314700533e-01 -1.711945081492302290e+00
-2.919300676717234921e+00 -1.585357706607406048e+00
-1.796481894739047735e+00 -1.263832480492502075e+00
-1.998754098404716073e+00 -1.544443928400329735e+00
-1.193603404171910354e+00 -1.729149810223894912e+00
-1.628915879142583512e+00 -2.912672375239679923e+00
-9.761769991860902440e-01 -2.385399547965020517e+00
-1.651395574127566768e+00 -3.192268744467121167e+00
-2.445654985030609740e+00 -2.089972165912482360e+00
-2.065506811878556892e+00 -2.036266196563476516e+00
-2.330294821948161399e+00 -3.441882781198338570e+00
-2.290486459173675104e+00 -8.687051667196701299e-01
-2.273613629351265875e+00 -1.469571308388756936e+00
-2.478580283959643804e+00 -3.406227654474748290e-01
-3.881864224925184459e+00 2.552373060395033200e+00
-4.324361979799918210e+00 4.376608260151756191e+00
-2.247221703613017318e+00 4.334723126622758160e-01
-3.911438727715357278e+00 3.930229126381054261e+00
-2.970223558915487061e+00 2.994982819743489344e+00
-3.251257835599744794e+00 2.913269854854369179e+00
-3.796130854891871742e+00 4.018843736902273811e+00
-3.212813137634827232e+00 3.185525187991732121e+00
-3.791230238205231196e+00 3.199800283696089043e+00
-2.830842020383903535e+00 3.893064107133186624e+00
-2.449386670295408575e+00 3.331123691449235036e+00
-3.018013190430380188e+00 3.984343022049515959e+00
-2.838532171560315565e+00 3.965063003813019460e+00
-1.545421340995409398e+00 8.367496189408586416e-01
-1.986312323020625659e+00 -2.452242227642021932e-01
-2.656125478521700778e+00 -6.531000586783869410e-01
-1.865459074175707332e+00 -7.401536880136316832e-02
-2.775274660731124055e+00 -4.644622817983014018e-01
-1.911056528071970240e+00 -7.781624465979787297e-01
-9.085777922265007023e-01 -1.284954495356419368e+00
-1.828736217075598525e+00 -1.984828483948347433e+00
-1.636344150840992606e+00 -2.518519543085011136e+00
-1.887582654207903277e+00 -2.456002074082173969e+00
-1.583421982110921444e+00 -2.436032130396557083e+00
-1.929245973985530549e+00 -2.851166352843108598e+00
-2.006234052653772970e+00 -2.746361211730184326e+00
-1.318127770703787061e+00 -1.625045719853427606e+00
-1.984751188864968929e+00 -2.966747928232455589e+00
-1.495008723226371128e+00 -2.678009671104628175e+00
-8.611838999712235765e-01 -2.714761626018213914e+00
-1.476287206590470635e+00 -2.884958752456411535e+00
-1.448053593497097502e+00 -3.586271490442762833e+00
-8.990254320256132470e-01 -4.319937686313091163e+00
-1.775000186641352062e+00 -2.551991735392516780e+00
-9.981681623402145487e-01 -2.365507074339348481e+00
-1.382966994979987430e+00 -3.400880342938156442e+00
-6.413996309839864463e-01 -2.198144983643014250e+00
-2.024856181523348564e+00 -1.242769552920662379e+00
-1.434081084453553201e+00 -1.581111770636624225e+00
-1.497390956819028007e+00 -7.001966187892429971e-01
-1.675978598307279022e+00 -4.588525801864514753e-01
-2.562225734794315368e+00 3.607343957740660190e-01
-1.669786021296901124e+00 1.616577783611291785e+00
-2.658241388180884623e+00 1.875341029007797200e+00
-2.903010639520483327e+00 1.084189895751827004e+00
-3.330754002822134741e+00 1.320443878933565740e+00
-4.639514835895824918e-01 -1.008535752938481078e+00
-2.489812773414487701e+00 1.467752171197673539e+00
-2.427227152533109944e+00 2.642259052120560892e+00
-3.198088321366094444e+00 3.179700195769525894e+00
-2.135237346697739014e+00 8.993269826682445123e-01
-2.835038718136899227e+00 1.484448449741711196e+00
-2.506955281733502350e+00 2.583576306737128681e-01
-3.032402132027486985e+00 2.180289235869974362e+00
-1.583207379949572502e+00 -1.002599524553423604e+00
-8.233819138370408464e-01 -2.709879880629943116e+00
-2.104049543860929017e+00 -2.472282675899539317e+00
-2.471912910452997103e+00 -1.907505816526704034e+00
-1.612366503190063860e-01 -3.386751326165234222e+00
-1.536322563265905217e+00 -2.618039533661615348e+00
-1.339862432360058087e+00 -2.910317678859742241e+00
-1.964806292508140206e+00 -3.189056694716094764e+00
-1.356549174584322115e+00 -2.807316784810637067e+00
-2.195310555784189432e+00 -2.639634183415987767e+00
-1.044171887721142999e+00 -2.360890893709077787e+00
-8.335777913985349397e-01 -2.463167807583614088e+00
-1.771025577149990760e+00 -3.305734956943688019e+00
-1.166309347095342952e+00 -3.738363259494578816e+00
-1.209868366671648987e+00 -3.736364025316768256e+00
4.565532952398419081e-02 -3.719205357011583502e+00
-8.740106030725990349e-01 -3.434478419682300832e+00
-1.121250235425976349e+00 -3.466848131756236739e+00
-6.840163443149068767e-01 -3.205473084520403582e+00
1.742928241920474464e-02 -4.188455478099832874e+00
-1.228857167470244649e+00 -2.983733167004134490e+00
-8.480670994687218300e-01 -3.711546859122565767e+00
-2.273005243589812263e+00 -2.385859260986913366e+00
-2.684092352598135278e+00 -6.275731649239929544e-01
-2.871742954951686411e+00 1.179518690934265174e-01
-1.053189689276513796e+00 -8.576252347308194190e-01
-3.193326630983630121e+00 -4.060578583261829078e-01
-3.561463135448505568e+00 -4.255398869802146655e-01
-4.286878380142493228e+00 2.178195368804771270e+00
-3.085893597392982635e+00 1.879217273932995980e+00
-3.884767002662516511e+00 2.910422518181006613e+00
-3.118796314012657334e+00 4.035636517966948666e+00
-3.535365928364157195e+00 6.081762826905962704e+00
-3.230679701830152517e+00 3.218444199693662355e+00
-3.753420870780777463e+00 3.434063579113202813e+00
-2.838497755841876025e+00 3.400339855563021985e+00
-2.789860127154105918e+00 2.483273141613861146e+00
-3.216452326712083476e+00 1.390080370891447981e+00
-3.005986615397282069e+00 2.768928165741544323e+00
-2.550215070226445224e+00 2.734043438407091076e-01
-2.722825666833662783e+00 6.826401388958923677e-01
-9.148629177293357007e-01 -1.200376180337193510e+00
-2.586711414879235615e+00 -2.522419470256737295e+00
-1.282475642453543063e+00 -2.564885659675093077e+00
-1.463508266538314562e+00 -1.349435655857827987e+00
-1.815864545506288064e+00 -1.865653502291031884e+00
-9.309684656262164903e-01 -1.840026370304663095e+00
-1.385259038905042539e+00 -2.088438715710343896e+00
-1.931596001411273633e+00 -2.859739966204597028e+00
-1.832992144348633889e+00 -3.076629326555701649e+00
-4.891545825942786863e-01 -3.549975858701593712e+00
-1.923564188865901192e+00 -3.572445021248608743e+00
-8.968245566312037509e-01 -4.341404585453554787e+00
-1.712407554958107703e+00 -3.197216456126769302e+00
-7.208153115917551590e-01 -3.583646470960434538e+00
-1.362547749711528811e+00 -2.767565247434904840e+00
-2.740221390715185112e+00 -1.941742261047777918e+00
-1.824750062230448888e+00 -2.095676266694349810e+00
-2.559990658513641382e+00 -1.456827403140421584e+00
-2.167118459883362380e+00 -1.963357403814598667e+00
-3.718130952624407737e-01 -2.724231915996091491e+00
-2.454186932918556607e+00 6.334813641384404725e-01
-4.388505168282425650e+00 3.210773917761942542e+00
-4.017728907218431011e+00 2.634413790925115073e+00
-3.657495044973608334e+00 1.137896510829386143e+00
-2.348905887286974803e+00 1.623495347354968033e+00
-1.956924717153001092e+00 3.243717731073716859e+00
-2.388926994521658909e+00 6.590787146760137993e+00
-1.962521700007730407e+00 8.014729306259541275e+00
-2.224860196653355437e+00 3.748034697234695400e+00
-2.954279844581972014e+00 2.984867080581775856e+00
-1.934353129112441172e+00 4.432563964531262002e+00
-2.849491333510413504e+00 6.640162231866947984e+00
-3.326426005040616030e+00 5.000877105369727182e+00
-2.732652461170141933e+00 5.370341340543020259e+00
-2.421053969229980840e+00 2.390347175039658101e+00
-2.642978887779035890e+00 2.992325561149116631e+00
-4.492820148440805461e+00 2.633969342106531109e+00
-1.000255812788740428e+00 8.277874367607066519e-01
-2.433276125389775668e+00 9.568212098269474053e-01
-1.471972751801984725e+00 5.162170536394878884e-01
-2.044393035954043203e+00 1.271044923808946625e-01
-1.652224028926128518e+00 -7.820502354164393655e-01
-1.759991161533055015e+00 -1.256631841272936700e+00
-1.688191903743601507e+00 -1.222218676029124707e+00
-1.021299302292053346e+00 -1.081213136131590424e+00
-1.853781128612477236e+00 -1.017801750829163021e+00
-3.011620591670453262e+00 -2.051071100095290145e+00
-1.269500144974428313e+00 -1.626997105438604097e+00
-5.310803849485514760e-01 -1.588839634153551117e+00
-8.276969016408528557e-01 -1.474351631219400272e+00
-1.348004707759848042e+00 -2.146475677697834428e+00
-2.203053963249329561e-01 -2.074823216523222325e+00
-9.988875281961311359e-01 -2.515949198488656613e+00
-8.174443917250898695e-01 -2.679714714839705803e+00
-1.070481088569616768e+00 -2.491506682939500283e+00
-6.764477661180969825e-01 -2.589874034359391342e+00
-7.864106085454755091e-01 -2.623022253193470821e+00
7.012803354023107172e-01 -2.854305101827823599e+00
2.758654622086460506e-01 -1.030730555177022723e+00
-1.391822282349533202e+00 -2.557917647300358421e+00
-1.453484890568836896e+00 -1.565743793183274724e+00
-9.073930989601054486e-01 -2.461001244425444323e+00
-2.359043237203243049e+00 5.356724292812788946e-01
-3.433664725267740803e+00 8.524898936719692566e-01
-2.488779006640439384e+00 -5.402598561355064222e-01
-2.825027945584898337e+00 -1.101664023150583649e+00
-3.737358395138859368e+00 4.029065691407973659e-01
-4.207294758116743694e+00 8.001164451511879605e-01
-2.775107122343348109e+00 2.528799442170180267e+00
-2.215874117297668366e+00 2.068039453240741121e+00
-3.041104332032029234e+00 3.021724906920526088e+00
-2.252857770272416627e+00 2.315081098135439497e+00
-3.636013298670900618e+00 2.586953109078520274e+00
-2.746187432286713470e+00 3.972097249010392073e+00
-1.441921556659006010e+00 4.226809644812528077e+00
-1.340202513116848237e+00 4.810124862197265649e+00
-7.069860212450460590e-01 1.828873809342789869e+00
-3.097300461107986180e+00 2.081346428582696362e+00
-2.205798725755069079e+00 9.608815219557185205e-01
-2.164998377059306645e+00 1.993812783666903066e+00
-2.116488146365119061e+00 -1.117807040004841435e+00
-8.321437136010505498e-01 -1.625015986996736661e+00
-1.257181368354566731e+00 -1.487450383176759816e+00
-2.041006292321681848e+00 -1.801147784946456332e+00
-1.582175255335348751e+00 -1.679001931630309530e+00
-2.501765194600497733e+00 -1.534119103162321140e+00
-1.742099444137960695e+00 -2.641308684131366213e+00
-1.075758927230656248e+00 -2.717223459357170690e+00
-2.221098040389292816e+00 -2.501375818317240540e+00
-1.230374696908364207e+00 -1.996905351324262279e+00
-1.547858916661092543e+00 -2.815308123059291567e+00
-1.269656306655868816e+00 -2.633230111077520252e+00
-7.107461300921384950e-01 -2.726919016855072542e+00
-1.137201787997083269e+00 -3.722552296858229415e+00
-1.405934489445933799e+00 -3.945058979372372043e+00
-5.884325730470089111e-01 -2.755802501523059167e+00
1.415815172851480619e-01 -1.956584462409082903e+00
-1.826783858481129341e+00 -3.135219962321368126e+00
-4.268567976046386825e-01 -2.825002890422354973e+00
-5.982328939199291762e-01 -3.675832650850494154e+00
-1.131248098553589765e+00 -3.241330991360892977e+00
-9.185051716562707691e-01 -2.137266000312093794e+00
-2.172605337031394690e+00 -2.558399108337725991e+00
-2.217857785420159988e+00 -6.826886609787455873e-01
1.558094015645022923e+00 -2.645804463921328065e+00
-9.564787315071595630e-01 -6.461905128376488339e-01
-2.014710382001468236e+00 9.383614662195267631e-01
-3.045806126613499920e+00 1.684240559161149120e+00
-2.057429003588295391e+00 -6.360537681069411420e-01
-2.433190798539673683e+00 -7.307176462533173655e-01
-1.017017053615363320e+00 -2.959846361879602816e-01
-2.787485425272504980e+00 1.738300799474712388e+00
-1.953076710725959897e+00 1.884499117818449809e+00
-2.978143047447839642e+00 2.207652304701845480e+00
-3.219042917076100352e+00 1.372058315912309201e+00
-3.838193079366334359e+00 2.943134014777428309e+00
-2.937248557325112142e+00 3.056495457281661388e+00
-2.407345666868336842e+00 2.411662474087530761e+00
-3.385852000880919199e+00 3.896461488983436805e+00
-3.213342822155109690e+00 4.183010582813999179e+00
-2.610822819009577689e+00 2.457402190815350718e+00
-2.020758758079598927e+00 3.174197330100905212e+00
-7.529356538499316631e-01 2.114914963060434250e+00
-2.118440694236989330e+00 1.478398002638912301e+00
-2.158837600710492577e+00 5.186380029318775342e-02
-9.813638606568418910e-01 -5.026550810651429779e-02
-1.557294995592030107e+00 3.661195252734970595e-01
-1.364667050182415187e+00 1.033657052151284728e-01
-2.309932544114642106e+00 1.218017074748802164e+00
-1.941672032697473682e+00 -9.854843706681477578e-01
-1.904115693957899813e+00 -1.092808527928128992e+00
-1.164229967032325064e+00 -1.991713795863490954e+00
-2.546257871223037483e+00 -2.384696313805172441e+00
-1.717891372609242850e+00 -1.772847466515241166e+00
-2.224563182538577433e+00 -2.065114539112323122e+00
-1.921708367848386168e+00 -3.465994615809785628e+00
-1.210818611260719102e+00 -3.162677296283131767e+00
-1.435152446426722683e+00 -3.377625176979718979e+00
-1.574447277979239113e+00 -2.850542979031510438e+00
-2.299516381085283001e+00 -3.356198215903571036e+00
-7.693349747090295621e-01 -2.929414047968366575e+00
-1.196244610120446916e+00 -3.538176062775762354e+00
-1.740402737881885598e+00 -3.222606238467154771e+00
-1.366754136987539336e+00 -3.626162513476915095e+00
-1.997398072465204510e+00 -2.780918717107105032e+00
-1.991866497235691646e+00 -2.907707323402294985e+00
-1.946238188929820589e+00 -2.357399586515077861e+00
-9.393888103710528181e-01 -1.427414062097683844e+00
-1.921714077729005377e+00 -1.279320448871300808e+00
-1.413576051897112551e+00 -1.200388445497039935e+00
-2.973869714680875909e+00 -7.464574710696311177e-01
-3.483920071232550875e+00 -5.052903912042873147e-01
-3.228558552059626052e+00 1.079155614618773629e-01
-3.325743369279069661e+00 3.731955479864317859e-01
-3.370250927191585699e+00 2.269908629569067138e+00
-3.492226403205286545e+00 1.401605345957316340e+00
-2.101061895674959601e+00 2.003904614321069477e+00
-2.846809216305001833e+00 1.468857998974754331e+00
-2.891992149381261701e+00 1.916426192096813530e+00
-2.486888714224660735e+00 2.100569576474936806e+00
-3.276815361539758165e+00 1.693289008110160143e+00
-3.587712907012333474e+00 1.755655279132100510e+00
-3.273751608338770325e+00 2.353720940107023818e+00
-3.129034523448402272e+00 9.548503176215062949e-01
-3.257574327131925518e+00 1.385801268180229417e+00
-3.159650465430832167e+00 7.514414000675987415e-01
-2.551350953904783392e+00 5.366157777975110177e-01
-1.821156725866032167e+00 6.893733464281337486e-01
7.517854598565636426e-01 -1.371783947131638204e+00
-1.295980552223848559e+00 -4.118062654695609504e-01
-1.780634833055170008e+00 -9.590066700926408449e-01
-2.962461549212061396e+00 -1.411358462293787752e-01
-1.137790872749965265e+00 -1.738153578896602269e+00
-2.583644602353162956e+00 -9.602782197113990392e-01
-2.326928225543147377e+00 -1.478296930869897219e+00
-2.947088433954985209e+00 -2.492641290607048976e+00
-2.187318697781257537e+00 -2.512590089253801118e+00
-2.000193931549213211e+00 -1.900302441133431941e+00
-1.919842107392613739e+00 -2.090690204342747105e+00
-1.865473634724041929e+00 -2.900363208632620537e+00
-1.741578899389627955e+00 -2.862067157629561542e+00
-1.795906268546364926e+00 -2.667884449253735024e+00
-1.519517279747282013e+00 -2.927521846839637565e+00
-9.423544806693119336e-01 -3.706952199636509349e+00
-9.909345536869156312e-01 -3.827467201772293048e+00
-1.579205497178200190e-02 -3.248432488811887620e+00
-2.602783765419841799e+00 -2.971300077814624796e+00
-1.329246013333082108e-02 -3.052532312038342965e+00
-1.982903182616857718e+00 -3.280758729212928770e+00
-1.425031788817437528e+00 -3.645128254497902009e+00
-1.266419255121610465e+00 -2.774728795130500192e+00
1.030831215521927247e+00 -4.398735775603742404e+00
-2.196283650316201097e+00 -4.689833226936893640e-01
-3.439514974614795495e+00 1.772530568863167066e-01
-2.274704876001084841e+00 -1.337098132892958091e+00
-2.888438125300535120e+00 5.493378146438757659e-01
-2.967681356262509063e+00 2.836374190631650305e-01
-4.068036680887367140e+00 3.961050409640193948e+00
-5.422003260268741798e+00 2.517594226390148737e+00
-3.541619142678985366e+00 3.773410761101724020e+00
-3.431164027130864991e+00 2.815268436168633759e+00
-4.206246198583726503e+00 2.380967169953025486e+00
-3.149579328330496697e+00 3.517609599280274502e+00
-2.364409758082337998e+00 2.731772914251651141e+00
-3.734832787257629239e+00 3.311127331952800290e+00
-4.240391050626428182e+00 1.529714412821029823e+00
-5.926777006265270265e-01 3.459041663475871609e+00
-2.958815690911170027e+00 1.076769437291023479e+00
-2.437762625695689689e+00 -1.406831120612749009e-01
-2.098644701600441920e+00 1.026101069011694511e-01
-1.312924000888330278e+00 -1.312165714654480175e-01
-2.377878913317495346e+00 -2.104286772293702867e+00
-2.440444959423316185e+00 -1.750792155872265221e+00
-1.275604498229444550e+00 -2.063191453899295702e+00
-1.819236800944238119e+00 -2.540108764640900407e+00
-1.929025506298899240e+00 -2.198910693702133656e+00
-2.390382439822792193e+00 -3.441213807450773654e+00
-1.822992578281765308e+00 -2.149123386293666726e+00
-1.826985146086768097e+00 -2.743460881232440585e+00
-1.629602339723278615e+00 -2.940449899595404037e+00
-1.556625453367087131e+00 -3.296755951168107046e+00
-1.547832780153392207e+00 -3.709867612211449561e+00
-1.737953647334859353e+00 -3.794817025496238116e+00
-1.280269997097038370e+00 -3.249710482971649661e+00
-1.357211402048919879e+00 -4.137446156912684359e+00
-1.045555370229327652e+00 -3.317835953194060661e+00
-2.501224306868711889e+00 -3.331227416883643322e+00
-2.340286789618853724e+00 -2.837228121581182094e+00
-1.519771174998534313e+00 -2.694175436228348985e+00
-6.028108909625741196e-01 -1.346757296207616861e+00
-3.166615099319020743e+00 -1.915042059930861074e+00
-7.834968748608027722e-01 -9.085555687417874449e-01
-3.262155501065920671e+00 8.734171067478970762e-01
-3.683210729084092971e+00 1.300578131105937452e+00
-3.406214229840544228e+00 2.279905366753776086e+00
-3.132004880339955832e+00 -4.546256262120256242e-01
-1.611117870121763440e+00 -1.396597240410474949e+00
-4.451645830239926660e+00 3.190178008807642573e+00
-3.836800674369285513e+00 2.469429503610981680e+00
-3.285601523132983814e+00 2.231772290116917912e+00
-3.335391239977020472e+00 5.144941905757653089e+00
-4.058020492616175368e+00 5.307186192325923813e+00
-3.786052684154583847e+00 6.731252941081753427e+00
-4.335059326094559573e+00 4.729169974933427945e+00
-3.439562902180877124e+00 3.208203599058007338e+00
-1.804971459267737721e+00 3.214832100261829417e+00
-2.497603283172604716e+00 2.329216670270903844e+00
-2.249634011275497336e+00 -1.637718193045989423e-01
-2.442940823012503593e+00 -5.696193636025761453e-01
-1.313187080906197179e+00 -1.457986501092825238e+00
-3.046245416960727592e+00 -9.899380302792157860e-01
-2.395080109437483618e+00 -1.114665391464137123e+00
4.521938402169249915e-01 -3.647435344620999498e+00
-8.420457219460852905e-01 -4.274694057749096388e+00
-1.614658118443732082e+00 -3.218662933035608020e+00
-1.404548235470524764e+00 -2.430456384485656152e+00
-1.512020593557047654e+00 -3.826120236257978036e+00
-2.813155915340790347e-01 -3.938199802365968782e+00
-1.049500179197673466e+00 -3.643425772165416632e+00
-1.176365927173097070e+00 -3.193158166292184852e+00
-8.675512044085452734e-01 -3.803377133895777806e+00
-1.488052752479873231e+00 -4.549974848913349135e+00
-1.727408822417257017e+00 -4.475038780742017330e+00
-1.173882361209382053e+00 -3.461144274905695539e+00
-1.257251782195154544e+00 -3.537698954768553339e+00
-1.015587030567036253e+00 -5.046609019537585006e+00
-1.506195595854394442e+00 -3.982058225590940026e+00
-1.570964959119439230e+00 -3.983461385466102289e+00
-1.646451298051060386e+00 -3.634732603944964779e+00
-5.939201776590813386e-01 -2.911000180704300888e+00
1.037563970145391826e-02 -3.605989193439628426e+00
-1.092547109775638292e+00 -3.484033658880182127e+00
-1.024100391542146937e+00 -3.142949205015008740e+00
-1.489440972359032722e+00 -2.856761461969929083e+00
-1.508591977154908337e+00 -1.899297943247185261e+00
-3.289582060509689487e+00 2.347800145225991564e+00
-3.550637752748350362e+00 7.060578826286922904e-01
-2.059717680812689800e+00 2.082892625256993480e+00
-2.834014555106343369e+00 -9.523199325667106030e-02
-4.144549570745806655e+00 2.153825638010163690e+00
-2.748135591372841358e+00 3.343324243373234417e+00
-3.074398979479713301e+00 1.208632261079239489e+00
-4.517011082626671836e+00 2.791234075498085332e+00
-3.838626863844104786e+00 4.546242512497465249e+00
-3.973098758853324419e+00 3.259214152179105817e+00
-1.975868450853673464e+00 3.042184926076342943e+00
-2.960282502633653667e+00 3.114416587862513630e+00
-4.001729820218891120e+00 2.694548957167431702e+00
-3.066625011388702582e+00 2.738060845733190529e+00
-3.517059526565528227e+00 3.342405663081370548e+00
-1.269335920242394389e+00 5.659236708838109031e-01
-2.918126322310351739e+00 8.211551671616411641e-01
-2.722713072515276611e+00 2.109494650470156996e-01
-1.961495327674484646e+00 -7.749423305111133309e-02
-2.111170365198945742e+00 1.074328751888848771e-01
-1.073522904592838639e-01 -1.814576277629972534e+00
-1.611937666116550760e+00 -2.870112533472801708e+00
-1.774664525876535448e+00 -2.892221908537115915e+00
-1.863468047821196460e+00 -3.037303811155931843e+00
-1.865570889626172235e+00 -2.762956133661171432e+00
-1.411065337321098234e-01 -3.147790687370266571e+00
-1.394379296303434268e+00 -2.425356290883287969e+00
-1.193129752194271642e+00 -2.654593294335883868e+00
-1.649216849558218678e+00 -1.892981922571896902e+00
-2.275994231190845429e+00 -3.455897046577600218e+00
-7.831521265805346799e-01 -3.015862090084085345e+00
-1.345233450337801839e+00 -2.813899842844937549e+00
-1.059983770434102190e+00 -3.340929975100257021e+00
-1.501856381212927527e+00 -3.346795877645158068e+00
-2.090570109233230944e+00 -3.506768098181570981e+00
-1.061007734350970289e+00 -3.734274722410616754e+00
-1.704849372442717392e+00 -3.640700478053446876e+00
-1.693618444933038480e+00 -3.994264819225929131e+00
-1.215866486313909478e+00 -3.650448798441471521e+00
-7.206181825693096510e-01 -3.549315239323093341e+00
-8.686699128004184978e-01 -3.497656896217556266e+00
-2.913192912773773902e+00 -2.969095703465304936e+00
-4.026047190012419286e+00 -2.056809246525495016e+00
-1.392768411878650081e+00 -6.233764899728783115e-01
-2.893701753683939337e+00 -7.943904862633383024e-02
-2.795481403304230117e+00 -8.809825713992818219e-01
-3.468814514979218444e+00 1.079074985132053802e-03
-3.236828721207905435e+00 1.821204861112650120e+00
-3.151175070328360750e+00 1.962556946325308083e+00
-2.883067308179472654e+00 3.132149712314745926e+00
-3.220819334085424757e+00 2.065264964165750339e+00
-2.502585845191113378e+00 1.884661505430514916e+00
-1.869722849981745982e+00 1.924124541973563973e+00
-2.554510069972752984e+00 7.242778794428714750e-01
-2.536240926536068141e+00 1.086735814735577677e+00
-2.434437557363164917e+00 1.111948444814525372e+00
-2.434815205936270655e+00 6.389885552036737859e-02
-2.321958216738475134e+00 1.880365044065910540e+00
-2.233949736268131758e+00 1.879633161163839050e+00
-2.443906956055081903e+00 -2.500555712023097565e-01
-7.508381527796769150e-01 -8.450901206566685531e-01
-1.749511009606406819e+00 -2.865624608564378839e-01
-2.422752779767157971e+00 -9.323702512350863225e-01
-1.331473923371512047e+00 -2.505259972473808272e+00
-2.420991795537891456e+00 -2.342047638349511018e+00
-1.174485100791843983e+00 -3.261777289970147820e+00
-1.693439193037534984e+00 -2.920841357180084419e+00
-1.237055001367069584e+00 -2.905038375529788830e+00
-5.925007794568397657e-01 -3.465091864125444232e+00
-1.611132527491540012e+00 -2.944153924436812453e+00
-1.667415597412934547e+00 -3.076995234159218384e+00
-1.133232042008604168e+00 -3.749752975363216390e+00
-1.490551472424942236e+00 -2.609800705907980856e+00
-2.082397609140455685e+00 -3.605483865614102612e+00
-3.052956596258469824e-01 -3.103679853856312398e+00
-9.887723070943766901e-01 -3.313006784261354642e+00
-1.461820085552012261e+00 -3.651030554029583541e+00
-1.518691776023782802e+00 -3.646638876504936899e+00
-7.864222865197963985e-01 -2.961227596213640734e+00
-8.878845269459892942e-01 -3.743343107875702458e+00
-9.906825264603470460e-01 -3.491830004934865173e+00
-3.807872189552843900e-01 -1.818873796428612799e+00
-2.691123460792963940e+00 -2.107775929850667307e+00
-1.735805069790347321e+00 -1.401969590079497507e+00
-4.159044174361069324e+00 8.575873852919154716e-01
-3.232916396055748542e+00 1.011120483103075402e-04
-3.077255129614328233e+00 1.762960279151977394e+00
-3.910481333932447789e+00 2.116602993883437200e+00
-3.756207445878562368e+00 2.052448311162210270e+00
-4.088665868828835315e+00 4.558334876927340851e+00
-3.974347289785294279e+00 3.138486393100885063e+00
-3.973542146867922398e+00 2.816290001459212711e+00
-3.716035198542577245e+00 2.902485187605983619e+00
-5.240201280152954055e+00 2.773527275607097664e+00
-3.547166640287020112e+00 3.719102115537380904e+00
-2.375706786650630953e+00 4.166241385924307927e+00
-3.754936708738647155e+00 1.775412552462817262e+00
-4.008285025330843965e+00 2.763199259623350112e+00
-3.029282826836003917e+00 5.028604871224421347e-01
1.965403899476378724e+00 2.099040320889804967e+00
3.362312865179429622e+00 1.861928093220681646e+00
1.731974546203977283e+00 1.632945348655320927e+00
1.194936474993441911e+00 6.388926132958996362e+00
3.215004586624953031e+00 3.510946808061486735e+00
1.280132011473483766e+00 5.601781161653187624e+00
4.305400129763827799e+00 2.592046611274308354e+00
3.808289017947148469e+00 2.909757090850836114e+00
4.190566130630537955e+00 3.348034170444993407e+00
3.499108285911658012e+00 1.698045001440897650e+00
2.707463370326931518e+00 1.797190065511512502e+00
3.491216109345182339e+00 1.394371934328340501e+00
4.580420369707669082e+00 2.989532143028255984e+00
2.563564472333028643e+00 1.291029915409313222e+00
3.289545585227451774e+00 1.378006007226338703e+00
2.260178439937682082e+00 9.006586708425650123e-01
3.609722080712336023e+00 9.072824678190388736e-01
4.562803497010943232e+00 9.178884140057047558e-01
3.901023780827989729e+00 -2.728785430188890998e-02
2.964928939300433886e+00 -1.029976588963533057e+00
1.299729866721007543e+00 -1.739528762411323815e+00
2.855922035364870215e+00 5.963345747596441315e-01
1.918630796245942349e+00 5.737676715512886050e-01
4.147362544058983858e+00 7.716242067305638663e-01
1.352844357376327800e+00 1.272726502141547034e+00
2.761370908727898144e+00 2.092922405392724228e-01
2.855205834292005029e+00 2.003539522714958387e+00
2.570100157211754333e+00 4.730312194518727087e-01
1.131608545485471851e+00 3.393800857837703688e+00
3.146605832865960295e+00 3.706825880242203386e+00
7.655734314116574568e-01 3.437409702825708013e+00
8.940431104887700542e-01 2.881182650599533712e+00
6.856335515012413895e-01 2.762830949411530401e+00
2.024615823012889226e+00 1.757895861776413549e+00
2.823415889691805347e+00 2.526492048350402753e-01
3.382988354033881429e+00 1.321024767217656937e+00
2.854332295024142319e+00 7.540946692866703494e-01
2.522328283836984042e+00 4.926144541897365392e-01
3.504897493063799274e+00 1.526033369718132526e+00
4.725448922369351656e+00 1.865002786354318154e+00
3.804128534753778990e+00 1.381848209462700261e+00
3.010913073732591094e+00 6.860038837905999554e-01
3.476744662895785876e+00 7.320844122705347790e-01
2.006348074925805136e+00 1.011211909586104074e+00
3.496727508966738895e+00 1.402095399661156261e+00
4.036650910850315910e+00 2.099792195959288232e+00
3.375955848271209092e+00 2.325351871460204389e+00
2.280782588234408603e+00 3.304684159444994052e+00
3.287612413049361137e-01 2.972252583716175067e+00
1.863942467205458531e+00 4.083361398704067113e+00
3.456120152591366512e+00 4.195538002739683137e+00
2.541327114577046853e+00 2.327513774922455259e+00
3.046796109493944194e+00 1.818426683224646290e+00
1.894392452379537017e+00 3.258404940854873644e+00
2.248522707603871407e+00 3.395293437551667015e+00
2.231345922391610781e+00 1.803120964766139700e+00
2.854754079294101299e+00 1.430911611128401262e+00
3.633236393732440117e+00 9.044646488165510867e-01
4.104663424847545983e+00 1.871832475224634917e+00
4.598202091970318151e+00 1.518414203002300900e+00
3.658663885652948089e+00 1.649925473810692766e+00
4.614551199580065877e+00 5.819273990281595976e-01
5.594802520017914560e+00 1.306056654306942733e+00
5.131628534099998085e+00 1.236701914312099138e-01
3.667696661485423615e+00 -1.205028808479774893e+00
3.260597782744977913e+00 -1.221271495191923219e-02
4.384765032754441627e+00 9.985954070285626288e-03
3.980220996446381054e+00 -1.093270985280857088e+00
4.510734942244976509e+00 -5.141253785801522813e-01
3.875400074321722954e+00 -2.125997440811503436e-01
3.997165778295923122e+00 -7.979500170289460792e-01
4.669557986715519249e+00 -1.436436025584273857e+00
2.417429392400451515e+00 -1.053330541069857240e+00
3.737679975432924628e+00 -1.354739204224028271e+00
3.742224241400835982e+00 1.049437807252630916e+00
4.107580039168924557e+00 2.341925092529016927e-01
2.411216005927938166e+00 3.228301306545992011e-01
2.134736083982871069e+00 -1.191736351326043164e-01
1.165669790742700052e+00 2.612502875764870502e+00
3.526833962459218430e+00 2.492001259257833889e-01
6.870373163331732203e-01 4.570368438128897259e-01
1.742069213582040366e+00 3.577577549180140926e-01
4.673325210368431293e+00 -6.334947275701875435e-01
2.784625081012947589e+00 2.202276014339508425e-01
2.929759735709343449e+00 2.725888219523753264e-01
2.386359009059060288e+00 1.366243258857477993e+00
2.666914971438718140e+00 5.145530140374929839e-01
2.009072181063528362e+00 1.056793398591712396e+00
2.773880568306418937e+00 3.285750675517336017e-01
2.704141227968765993e+00 2.181403737478588289e-01
2.639815238230377226e+00 7.820596664328550718e-01
2.555371261079743661e+00 9.734373897801257280e-01
2.078801764444480948e+00 1.005266915238986147e+00
3.484547496256654053e+00 2.376329544396175386e+00
3.982552908153022209e+00 1.018745089306677842e+00
1.791393943900754904e+00 3.792445201650475717e+00
9.009497027769871602e-01 5.221129360913187689e+00
-3.021937691468453147e-01 5.577699208287344668e+00
9.521791436812863108e-01 4.203974892225817328e+00
-6.785424342461664204e-02 3.532724086672841768e+00
3.518180070681901306e+00 3.342313016110034063e+00
3.819070112632564573e+00 2.319339314693051435e+00
3.238761761071085044e+00 4.005479259658550006e+00
2.947866641634442786e+00 3.478324841356283947e+00
3.187137122287449387e+00 1.694289157823744896e+00
2.024131310350520074e+00 4.603308098134878401e-02
3.661229233803028560e+00 2.054215833730173912e+00
3.668247135711173890e+00 1.547973363200630503e+00
4.296735770412357880e+00 6.504831986539025834e-01
4.602195528012955172e+00 -1.539776923240678830e-01
4.252859247150710509e+00 -2.922895332481802444e-01
2.532550240726600954e+00 1.808508394548117848e-01
2.897619330021023565e+00 8.528217924010932371e-01
4.165260877315774657e+00 -7.015960807985933689e-01
3.159442903348534504e+00 -2.209090879165198917e-01
2.960390940644368030e+00 -3.511123750815315914e-01
4.046473532321920530e+00 -8.181937145457849336e-01
3.291752887497915392e+00 -8.607644026480906208e-01
2.182008262210219041e+00 -5.610249598332958110e-01
1.780421621161357715e+00 -8.983471761412240575e-01
3.036978228553421921e+00 -1.461738843539389210e+00
3.695780535639137110e+00 -1.308174789927057102e-01
4.865351184670400286e+00 1.312252477269612694e+00
2.929980613241604637e+00 8.099406456483754235e-01
2.927043846506854674e+00 5.521653450660628515e-01
1.697811296819559557e+00 4.967783425150784637e-01
1.330003971726431145e+00 2.986290822592690408e-01
1.955549669476267072e+00 1.569523841507279416e+00
3.486706874653937582e+00 -1.818376348496738570e+00
1.777980151561267652e+00 -1.664848543318882546e-01
1.667183221712893015e+00 9.574456797259164320e-01
4.181863009436417755e+00 -1.110493685105136796e+00
5.051674731286692754e+00 -2.397523999479106216e+00
3.477864482976587901e+00 -6.099755655828354994e-01
2.712282708376141382e+00 -1.282769933952142338e+00
1.860573189077227241e+00 7.959788600422527116e-01
3.614092168412737394e+00 -1.614347033654925934e-01
3.743117956674846258e+00 6.367307913364481653e-01
2.410524812395030470e+00 -1.402635323978273785e-01
2.683436460021447090e+00 3.002267445274692914e+00
1.323684679200193726e+00 2.034929336615522999e+00
4.182580236748693281e+00 -7.238276699618013676e-01
1.468359850782157805e+00 4.477404320809246219e-01
3.480963382598593725e+00 8.536911306411056888e-01
2.822261976444429443e+00 3.156012554584572971e+00
1.822839048564070863e+00 2.398169077580432962e+00
1.988497799585082992e+00 3.342686536870954850e+00
1.507222303689324638e+00 2.204992533603762794e+00
2.683035313616745743e+00 3.576317792366752624e+00
1.421563595911970124e+00 5.290284081562450780e+00
1.185698632913025241e+00 2.788771533327454755e+00
2.812912093730091989e+00 2.140484389344884608e+00
2.415027963783687337e+00 1.861039353518774808e+00
3.957422517263954997e+00 2.851908497160746681e+00
3.033220131329086744e+00 1.082737702152289483e+00
2.279179067896709210e+00 4.961494182744782044e+00
2.619130458429697939e+00 1.205812437068660481e+00
5.213851261059423869e+00 3.708999747156043636e+00
4.613022948998138695e+00 2.110963931987827891e-01
4.414986692881012864e+00 -1.385257207595850470e+00
3.234990005216570985e+00 -3.972046872066490875e-01
2.795523717537824471e+00 -4.960459634678248686e-01
5.017639746729871675e+00 -2.279843033920772935e-02
1.718259195504505010e+00 -1.267227865072561688e+00
5.420256498903999187e+00 1.613530588455678455e-02
4.083054398778948269e+00 3.162998367285070889e-01
4.740728486165205702e+00 -1.749429176710104450e+00
3.527516008444561368e+00 -1.177816371653968464e+00
4.995068060785267328e+00 -6.473575826775820330e-01
4.934557544774042626e+00 -2.023765040010649940e+00
2.716749446869290097e+00 -1.510795307339382498e+00
2.462458625041382465e+00 8.509718682896412201e-01
2.659909123932247432e+00 -7.763259802449755387e-02
3.655055335703414343e+00 -5.026247323204682260e-01
3.355997288561165970e+00 -9.034257671398096545e-02
1.513865954996628682e+00 4.573330019250700929e-01
1.610185344985246347e+00 2.375706709008129636e-01
2.285998058740047689e+00 4.750481213986217921e-01
2.079396966856708939e+00 5.693211263029257507e-01
3.936773215557018091e+00 6.100487410681279532e-02
2.845418284916239937e+00 -3.710564007696028344e-01
3.137627631948137097e+00 8.640109572392845605e-01
5.515138169533942758e+00 -2.299227810627143265e-01
2.662911491202194725e+00 -9.916585081793564127e-01
1.657370188595022720e+00 -7.601132738543181500e-01
3.405372397549083718e+00 -1.791528820541997691e-01
2.670051100091816565e+00 -3.980612632433233600e-01
3.597302157992688265e+00 -4.918477907182061681e-01
2.613899032103372377e+00 2.281659942557468651e-02
2.190356454146599408e+00 -4.718464273418729316e-01
1.043435469189944786e+00 2.102785201374529844e+00
4.090224982038368040e+00 -3.566074227471398017e-01
2.022718399718320459e+00 1.133293032871817152e+00
1.305245478894802691e+00 2.393266885899202112e+00
2.519564592219394772e+00 2.436221696395865166e+00
1.153172695189529806e+00 4.419049159978333030e+00
2.024430771085476088e+00 2.552133715307579820e+00
2.818293199214768840e+00 2.207395378333704361e+00
2.333846111675871082e+00 2.164256894986666513e+00
2.337024887992781963e+00 2.054730203984241665e+00
4.710092680009574373e+00 1.111757897611665991e+00
1.191120772241444969e+00 -1.214085188066919674e+00
2.969613107622960158e+00 8.554002044241346692e-01
3.906255379883181167e+00 1.691460961477005531e+00
4.525303218977850150e+00 -1.165102918035082702e+00
2.510987766898330253e+00 1.361659710687087577e+00
4.800907824832885140e+00 -3.781282329774771078e-01
3.120766982996475924e+00 -9.434775316571427650e-01
4.521720330119094022e+00 -9.729367088350125703e-02
4.949753080504648572e+00 -1.117874709317422388e+00
3.813453054551765309e+00 4.108528292567906193e-01
3.346026238861562252e+00 -1.673071808431628504e+00
3.002497682051199934e+00 -1.318855188434533421e+00
2.773788429833916602e+00 -1.245000938331411788e+00
3.113883233070005030e+00 -1.160750585723206552e+00
4.196936022870112915e+00 -1.258269746266029054e+00
3.368345591457726051e+00 -6.047407579204310268e-01
5.087967757322782170e+00 -3.380102660130047953e-02
4.439753881719716411e+00 -1.420613791107003809e+00
3.509983143893748547e+00 -1.086398949576738548e+00
2.337174172573833530e+00 -1.856079665504608345e+00
1.748930139983714271e+00 1.128292667959848394e+00
3.772398075820082575e+00 -1.269021193429125560e+00
2.812579649095489742e+00 -5.595588739081022167e-01
2.680017739689514844e+00 -7.776114636282301928e-01
2.334665217020226446e+00 -2.036545156216964525e+00
3.218745496561976616e+00 -2.508724638270020124e-01
2.322222458955963909e+00 -7.260519135694752935e-01
4.738757680034790809e+00 1.156113807046984965e+00
3.654331831058921676e+00 2.824900860528800628e-01
1.382540564208731837e+00 -5.430720520152320097e-01
2.933161935501205519e+00 -7.302973673701711466e-01
2.111339969817336293e+00 -1.452765411952356756e+00
7.913042238096656966e-01 7.362929320792155341e-01
2.687514471459714560e+00 -1.406217980895724529e-01
2.735364293219677556e+00 -6.824262564898296579e-02
6.927642460066328889e-01 3.382849273866501694e-01
2.708565779414705776e+00 6.871926956208553872e-01
2.813768264251993223e+00 1.477317425655984451e+00
2.287730468852412269e+00 2.312691157906558992e+00
2.434410478784579279e+00 1.241339780079853128e+00
5.087852579041643786e+00 4.555133310049845008e+00
1.791624008200666474e+00 4.038666808597461078e+00
1.741739262317774761e+00 5.103026001283624602e+00
1.674212286601808319e+00 3.290027609586536617e+00
2.460965296297455307e+00 1.790091507222661527e+00
4.228448082462340274e+00 9.939172634744726231e-01
3.573249146867417458e+00 2.281569703278664374e+00
1.722883869584804994e+00 3.085584540198519576e+00
4.736092943017943035e+00 9.274792658551211932e-01
5.211595948359199149e+00 -1.313238002395644977e-01
4.986550562215224858e+00 -9.194939244938284961e-01
4.743746652869972991e+00 -1.319646280745182809e-01
2.803913796944597081e+00 -2.007557252310320006e+00
4.911971653074839850e+00 -4.317633271281016705e-01
3.662009913087155066e+00 -2.109428231215095817e+00
4.480675449902308038e+00 -1.010070863504970662e+00
3.874236255052394995e+00 -1.359007558389404791e+00
2.572695721823078152e+00 -1.655504425228698784e+00
2.962645700854486641e+00 -2.397523349575842122e+00
4.727656218509049602e+00 -1.561283420595958704e+00
3.525677851692430309e+00 -7.091111841896309276e-01
1.581511710173836072e+00 4.700974805686443658e-01
2.033853195279666792e+00 -4.747492233181780374e-01
2.299363956266996745e+00 7.556851079741873090e-01
2.190611740016165765e+00 -2.157731518958364847e-01
1.692640807097642419e+00 -7.629513608565714478e-01
4.494941214434206245e+00 -3.848121818123746984e-01
2.049278407013566561e+00 -8.660912516889828217e-01
2.988984590948348341e+00 4.183828737066099673e-03
2.923282396596687427e+00 -1.175481698705767686e+00
3.142384062082884011e+00 -7.274249261597399985e-02
3.489070667146444205e+00 -1.295086033132077097e-01
2.779503274860132489e+00 6.151125202995379876e-02
1.825395462656576928e+00 2.090871239421021155e+00
1.684687884103289290e+00 -4.245656346397368441e-01
2.834064069295120447e+00 2.006883581635845015e+00
2.058337729909997638e+00 7.336380782023923963e+00
2.270773257574217663e+00 1.621634524315014980e+00
1.127633401521888068e+00 2.935166679559027436e+00
3.713228165617890930e+00 1.164659276267804744e+00
2.819914304384410375e+00 1.312081921772410231e+00
3.107752951508149231e+00 3.012105039872925438e+00
2.727371108229090790e+00 3.857200739862021610e+00
2.024111068899549171e+00 2.406105153022821685e+00
1.846822430063671749e+00 3.578778487418805554e+00
4.150908798947085643e+00 2.448659884027504230e+00
3.189336151641210204e+00 4.034209212850474735e+00
2.601380030051290593e+00 1.344267575213937249e+00
3.958451734380670661e+00 3.467618889047408004e+00
3.082031692695886615e+00 2.566783799131126531e-01
3.109546614176425638e+00 5.709966212760021476e-01
4.295963336631124285e+00 1.278480541489197986e+00
3.564876068970228129e+00 1.354891095612501983e+00
3.443303551645751526e+00 2.379840694320666028e+00
4.706820294542762184e+00 5.920437786574676009e-01
5.952248452774957066e+00 -6.692710764673077684e-01
4.984988425979143933e+00 1.704766473649711456e-01
2.865734989071235805e+00 -1.506210087887559057e+00
3.950400655580727616e+00 -2.858321422575459181e+00
5.309479655961233391e+00 1.306708097697558968e-01
4.437999519761496536e+00 -2.172691460755609150e+00
3.866833551668694913e+00 -2.482951634613343117e+00
3.183274502972274878e+00 4.944200300784534763e-02
3.691843258154315244e+00 -5.197375346161398069e-01
2.867983086073468080e+00 -2.309212392304429873e+00
4.418959579680199035e+00 -1.577584011250506624e+00
2.020961949523699897e+00 6.292036338727652334e-01
1.302144985413723033e+00 3.161980011232373711e-01
3.627046670314273857e+00 1.112881984011769854e-01
3.166800504722125265e+00 -5.913225334055893789e-01
2.801657229733418131e+00 -8.150170213480726344e-01
4.615720087983246955e+00 4.660294396874373746e-01
3.473880153977054963e+00 1.256401665047526039e+00
2.347641610231046894e+00 -2.201158529100396555e-01
2.835391160439391545e+00 7.376652872782974990e-01
3.765880670465449942e+00 -2.529982830964457308e-01
3.096551981433168343e+00 8.188345535314418555e-01
4.003057865341428823e+00 2.900162244490247510e-01
3.492317726154635427e+00 -2.349652155228404149e-01
3.581699596150599518e+00 -8.375480012915860195e-01
2.661657107119510535e+00 -3.665114998181185357e-01
2.601092185959335001e+00 6.575211973545618260e-01
3.917209184356189589e+00 -1.723580224842330699e-01
2.661513294198208701e+00 5.936745083347947372e-01
2.729786114550476039e+00 5.953771161419766367e-01
2.236757665950371177e+00 3.238852749293083644e+00
4.364438418156408872e+00 7.167870772887784403e-01
1.593602724306305118e+00 4.241651893081657576e+00
1.751264026002576690e+00 2.297987308046455013e+00
3.167155509101257316e+00 2.769198558309944325e+00
1.272484093659520754e+00 1.916115450831698430e+00
6.945832208390771978e-01 2.145380654512818008e+00
2.757811789042876160e+00 3.106012394754218420e+00
2.548713741850293868e+00 3.354978498089341787e+00
3.866733539415774246e+00 2.690305558689915166e+00
4.276505264599680167e+00 5.486313073760043402e+00
2.818301774546979832e+00 4.184992089303517737e+00
2.238932152086204663e+00 1.951317887907838333e+00
3.012707150159848801e+00 1.805705522424227549e+00
2.862159323402773570e+00 1.331880028461728260e+00
2.976159092032752085e+00 1.293972297871443855e+00
3.622972271337063788e+00 8.857832111913447326e-01
4.272906083673981392e+00 4.319252674204094866e-01
3.481147839297380919e+00 -1.372490679459371643e-01
4.521229027911995324e+00 -4.763523581495626713e-01
4.575634360280669277e+00 -3.947267130941036206e-01
3.438916896580206828e+00 -1.993629861547808302e+00
4.646042018672728702e+00 1.426053600059432158e+00
3.230488735558139979e+00 -3.473047159778325232e-01
3.905958282602405518e+00 -1.335648876974428800e+00
3.420027089575436552e+00 -1.388415563306592437e+00
2.230244749927709602e+00 -4.429568442565635644e-01
2.932990903598949650e+00 -1.653019027108335592e+00
3.811705681619355968e+00 -1.050762680387955061e+00
3.437011833190012577e+00 -1.430316331802053309e+00
4.314921408584869056e+00 -6.355405489332401903e-01
1.730433001253364411e+00 -2.749676073181307467e-01
2.709057294043875519e+00 2.868537272949903905e+00
3.154235349964358726e+00 -4.395100279368845397e-01
4.523925218284489347e+00 -5.001686551561055349e-01
1.941642722474348437e+00 6.463585595174472509e-01
1.274972745391628859e+00 -1.201446773436022769e-01
2.784439518469355335e+00 5.656428487616238510e-01
3.049087334864606369e+00 7.837337097944568898e-01
3.214390938169604084e+00 -3.153962311739267332e-01
1.360291599894816628e+00 1.094434919380469357e-01
3.519043282292431574e+00 1.297909198122152885e+00
2.304836870492937173e+00 4.548687666816678132e-02
3.834096762454709761e+00 3.787423192410841466e-01
2.947983339476039522e+00 8.693611727809167355e-01
2.531446124865642133e+00 1.431432727834845320e+00
1.084267481479532558e+00 -8.967638564702560267e-01
9.757637721318724866e-01 2.737512896636135284e+00
1.473824857448264414e+00 5.712546107085134217e+00
1.514141085016533994e+00 2.149973384440960977e+00
1.208280177936820410e+00 3.993098243026959038e-01
7.215108432502077562e-01 2.168943231612623368e+00
3.260923375079672670e+00 2.957135995451378729e+00
3.906229696354159842e+00 2.045655531711456643e+00
3.246165964421305894e+00 1.591139862970011531e+00
4.885480644254212912e+00 2.261458191699308617e+00
4.665909402334651901e+00 1.420824496149485583e+00
4.454888668793024920e+00 8.202176461072755442e-01
4.131706431106492161e+00 1.140733985826934083e+00
3.733309206099711286e+00 7.468844186526228945e-01
3.610945278962707672e+00 1.022146491984087913e+00
5.244028189250127703e+00 1.037286458126611688e+00
3.724901494162954574e+00 -1.760553982332696776e+00
3.847422436042345240e+00 3.281915652571681385e-01
3.589272676988070288e+00 -1.867632375988404481e-01
3.121610893152590105e+00 -9.114763242891410489e-01
6.671914916471832768e+00 -3.217944135399858352e-01
5.009675019885485803e+00 -1.512485919700990167e-01
3.325513427786685572e+00 -2.307736134620881341e+00
3.332104656397203879e+00 -9.099307342376402596e-01
2.506149849745906710e+00 -6.765352579014629608e-01
3.782024513886061978e+00 -6.524354924155124635e-01
3.314949431727625129e+00 -1.142191205898065665e+00
2.957233244198598676e+00 -8.161426762803758450e-01
2.871904176917356999e+00 1.764792094489163465e-01
2.450362204111292463e+00 7.621790424929998364e-01
1.997342482476588410e+00 1.610176601747316694e+00
2.881139425435931489e+00 -2.186708424142378218e-02
3.863359700867356139e+00 -6.675793319509437662e-02
2.289257491986139481e+00 4.219279674686028936e-01
3.600458353544668366e+00 -1.983492349455340809e-01
4.384335100823385289e+00 5.111864674244467333e-01
4.380849525241147013e+00 2.583103428299564075e-01
2.889413035102686322e+00 3.975735332807740496e-01
2.576081813699122147e+00 1.833357221310044083e-01
3.343249545189531879e+00 2.669828549200310430e-01
1.796702850607776902e+00 -6.741216227908076730e-01
2.970546816759026321e+00 4.209028004568116099e-02
2.792834500181334612e+00 1.051705205113346420e+00
1.837752799917389712e+00 1.298765541004952562e-01
3.526147880465293483e+00 5.296946713257864037e-01
2.950595303499271793e+00 1.986503183221381141e-01
3.017151635508652063e+00 2.630093024190058304e-01
3.850295699972981822e+00 2.699652331826919438e-01
2.262364935588766279e+00 9.561412955683176174e-01
1.120652406590824768e+00 4.361282408897289464e+00
3.673597852093581029e+00 3.204562382488878924e+00
3.586968196532054343e+00 2.983949558502324018e-01
2.435884443219485718e+00 1.450601671521852154e+00
3.982252920625593440e+00 2.168650004615163773e+00
3.241501065739004872e+00 1.664763067200611069e+00
1.912248352081284741e+00 2.702154118928664861e+00
2.220824558890157174e+00 1.748219872988614476e+00
4.515720424905290464e+00 1.195310941242376357e+00
2.980905664769389229e+00 6.971185768803203064e-01
4.455170007095080820e+00 -1.567750460182810057e+00
6.423497420232702204e+00 1.253485761854838954e+00
3.354577356217664619e+00 1.733861170765159665e-01
3.732024497795317419e+00 9.259778225601435209e-02
4.565744439118589959e+00 -8.890469449627899090e-01
3.535026843029818178e+00 -2.925044790009452833e-01
3.349769701763352092e+00 -2.923940244192234084e-01
3.263856125001882269e+00 -5.368370782739029928e-02
5.135334121917278338e+00 -8.465072246404696799e-01
4.465520437041347712e+00 -1.377701627664879247e+00
5.498342073291805576e+00 -1.316079995119117774e+00
5.599993251045416010e+00 -2.108038374645095470e+00
5.014816599791401153e+00 -1.432097605030866472e+00
4.446474079164457471e+00 -1.613624101257568055e+00
4.981342185039704162e+00 -1.351214960870774640e+00
3.726842379044186693e+00 -1.583280731565056998e+00
3.896796438257754680e+00 -1.787434402932481126e+00
2.306357009105597378e+00 -2.162164479571730413e-01
2.174930216096835789e+00 -3.431400486397034877e-01
2.668174534407031562e+00 -7.183198412926654619e-01
4.206131426802175888e+00 -1.016079225145202880e+00
1.634523182513660355e+00 -1.254608646414574924e+00
2.411661737567086128e+00 -1.435175242325034128e+00
3.498260802929309410e+00 -8.658671310469927551e-01
4.880136991056292395e+00 -2.004148476317834326e+00
2.582430566022619889e+00 -2.027651684059161408e+00
4.742929781930592448e+00 -1.199860110877366992e+00
5.765960450590601027e+00 -2.988180484199805864e+00
4.030551242106588106e+00 -1.105727782955544303e+00
2.893769681144105377e+00 -6.678427714027008744e-01
1.777251968261513548e+00 -4.242969731168728664e-01
3.498770992339335972e+00 -1.194594951956359008e+00
3.629900441824470025e+00 -4.989369887286449479e-01
3.044721726265865236e+00 1.904182509291542369e-02
2.021518754683834018e+00 1.192846297037337688e-01
1.938674945335612909e+00 3.713896520307282678e+00
4.245591349973254047e+00 -1.263449466614269934e+00
3.315377319480333984e+00 -6.928748683191522373e-01
1.570422432599358764e+00 2.828114669916086399e+00
2.679006932449515155e+00 2.736110153176638082e+00
3.457411533360420730e+00 4.269960783631083778e-01
